<?xml version="1.0"?>
<opencv_storage>
<cropSize>140</cropSize>
<clustersPerClass>20</clustersPerClass>
<totalDictSize>
  1 160</totalDictSize>
<flagType>2</flagType>
<attempts>20</attempts>
<classes>"AluBuilding BlueWood Grass SquareUnevenBlocks Tarmac UnevenBrickWall UpLibCarpet WoodFloor "</classes>
<Kmeans>
  <Iterations>1000000</Iterations>
  <Epsilon>9.9999999999999995e-08</Epsilon></Kmeans>
<vocabulary type_id="opencv-matrix">
  <rows>160</rows>
  <cols>1</cols>
  <dt>f</dt>
  <data>
    4. 3.48263893e+01 8.52608185e+01 7. 1.23733397e+01 2.23465118e+01
    8.32372248e-01 6.14484291e+01 3. 5. 7.99999952e+00 5.99999952e+00
    1.68976154e+01 2.81981144e+01 5.11647263e+01 2. 9.92677765e+01
    4.19710312e+01 7.20363617e+01 9.12345600e+00 8. 3.14313850e+01
    1.13925200e+01 3.58046651e+00 5.33201942e+01 2.02937069e+01
    4.09126129e+01 1.62493646e+00 1.68945694e+01 6. 6.43207932e+01
    2.73451004e+01 10. 4.63457184e+01 7. 1.38345537e+01 3.58972969e+01
    9. 2.39326820e+01 5. 12. 8. 5. 1.73575764e+01 3. 3.21359825e+01
    2.17362518e+01 14. 11. 7. 10. 6. 9. 1.64659047e+00 4. 13.
    1.93414726e+01 2.53365822e+01 1.49999990e+01 16. 2.77814884e+01 10.
    6.17619438e+01 4.59706926e+00 1.78734169e+01 3.72822342e+01
    7.47173023e+00 2.39085178e+01 4.78816643e+01 1.14125042e+01
    1.34263458e+01 2.31207228e+00 1.54530296e+01 7.29806213e+01
    4.28376617e+01 5.37661476e+01 9. 2.09382286e+01 3.24110489e+01
    6.00000048e+00 8. 13. 6. 2.19704132e+01 2.99999976e+00 11.
    1.73448658e+01 7.00000048e+00 5. 9. 10. 4. 1.49999990e+01
    2.71360531e+01 1.19999990e+01 8.64143610e-01 2. 1.93463421e+01 14.
    1.59999990e+01 3.63950462e+01 1.89478722e+01 3.12828302e+00 9.
    2.59258671e+01 5.05726471e+01 1.65166264e+01 3.23801041e+01
    4.03351517e+01 1.25346975e+01 2.14578438e+01 7.48025274e+00
    2.34543228e+01 2.89434166e+01 5.82920036e+01 1.45200481e+01
    5.50914812e+00 4.47355194e+01 10. 11. 3. 1.24662876e+01 9. 6.
    2.72541027e+01 1.65032234e+01 2.09132004e+01 4.27505264e+01 5. 11.
    3.16269569e+01 4. 7. 1.44487839e+01 1.75337625e+00 2.38814087e+01
    1.00000010e+01 3.65636024e+01 7.99999952e+00 1.84794388e+01
    6.54996252e+00 2.49266090e+01 1.34386034e+01 4.83781967e+01
    1.78930569e+01 10. 3.56976280e+01 4.60804415e+00 2.78897552e+01
    2.24831123e+01 12. 1.54525766e+01 3.13395729e+01 2.43236661e+00
    4.10957451e+01 5.89968643e+01 2.05002766e+01 9. 8. 11.</data></vocabulary>
<bins>
  0. 8.32382262e-01 8.64153624e-01 1.62494648e+00 1.64660048e+00
  1.75338626e+00 2.00001001e+00 2.31208229e+00 2.43237662e+00
  3.00000978e+00 3.00001001e+00 3.12829304e+00 3.58047652e+00
  4.00001001e+00 4.59707928e+00 4.60805416e+00 5.00001001e+00
  5.50915813e+00 6.00000954e+00 6.00001001e+00 6.00001049e+00
  6.54997253e+00 7.00001001e+00 7.00001049e+00 7.47174025e+00
  7.48026276e+00 8.00000954e+00 9.00000954e+00 9.12346554e+00
  1.00000095e+01 1.00000105e+01 1.10000095e+01 1.13925295e+01
  1.14125137e+01 1.20000086e+01 1.20000095e+01 1.23733492e+01
  1.24662971e+01 1.25347071e+01 1.30000095e+01 1.34263554e+01
  1.34386129e+01 1.38345633e+01 1.40000095e+01 1.44487934e+01
  1.45200577e+01 1.50000086e+01 1.54525862e+01 1.54530392e+01
  1.60000095e+01 1.65032330e+01 1.65166359e+01 1.68945789e+01
  1.68976250e+01 1.73448753e+01 1.73575859e+01 1.78734264e+01
  1.78930664e+01 1.84794483e+01 1.89478817e+01 1.93414822e+01
  1.93463516e+01 2.02937164e+01 2.05002861e+01 2.09132099e+01
  2.09382381e+01 2.14578533e+01 2.17362614e+01 2.19704227e+01
  2.23465214e+01 2.24831219e+01 2.34543324e+01 2.38814182e+01
  2.39085274e+01 2.39326916e+01 2.49266186e+01 2.53365917e+01
  2.59258766e+01 2.71360626e+01 2.72541122e+01 2.73451099e+01
  2.77814980e+01 2.78897648e+01 2.81981239e+01 2.89434261e+01
  3.13395824e+01 3.14313946e+01 3.16269665e+01 3.21359940e+01
  3.23801155e+01 3.24110603e+01 3.48264008e+01 3.56976395e+01
  3.58973083e+01 3.63950577e+01 3.65636139e+01 3.72822456e+01
  4.03351631e+01 4.09126244e+01 4.10957565e+01 4.19710426e+01
  4.27505379e+01 4.28376732e+01 4.47355309e+01 4.63457298e+01
  4.78816757e+01 4.83782082e+01 5.05726585e+01 5.11647377e+01
  5.33202057e+01 5.37661591e+01 5.82920151e+01 5.89968758e+01
  6.14484406e+01 6.17619553e+01 6.43208008e+01 7.20363693e+01
  7.29806290e+01 8.52608261e+01 9.92677841e+01 256.</bins>
</opencv_storage>
