<?xml version="1.0"?>
<opencv_storage>
<vocabulary type_id="opencv-matrix">
  <rows>150</rows>
  <cols>1</cols>
  <dt>f</dt>
  <data>
    17. 4.29260445e+01 7.99999952e+00 26. 9.56063538e+01 14.
    3.99999976e+00 6.97812347e+01 3.24788399e+01 18. 11. 5.39282417e+01
    3.84763985e+01 21. 6. 23. 3.44737282e+01 6.19300003e+01
    3.00000024e+00 4.79433594e+01 9. 29. 16. 7.62040863e+01 10. 20. 15.
    12. 7. 8.42589951e+01 13. 22. 5. 36. 6.94078147e-01 28.
    2.40000019e+01 19. 25. 5.09316521e+01 27. 4.04652863e+01
    3.09999981e+01 5.64675903e+01 3.00000019e+01 5.89421616e+01 2.
    6.53782501e+01 37. 4.54954948e+01 3.09999981e+01 1.40000010e+01
    4.89283485e+01 20. 3. 6.90942001e+01 9. 4.04821243e+01 27.
    2.39999981e+01 18. 11. 3.64900131e+01 5.93322182e+01 5.
    7.99999952e+00 15. 21. 29. 33. 4.44846687e+01 1.29999990e+01 25. 16.
    17. 35. 7.58702393e+01 5.34754753e+01 12. 10. 22. 39. 4.64802704e+01
    23. 19. 7. 6. 26. 8.48658295e+01 32. 4.24816628e+01 4. 34. 38.
    5.14764252e+01 28. 30. 5.59213524e+01 6.37403870e+01 1.73902369e+00
    12. 27. 4.44722328e+01 20. 36. 6. 33. 18. 9. 15. 24. 5.38699417e+01
    23. 30. 7.85028381e+01 16. 39. 1.72218847e+00 6.21016006e+01 3. 13.
    17. 4.84643669e+01 8. 22. 21. 14. 7. 11. 19. 28. 2.50000019e+01 10.
    32. 29. 26. 3.09999981e+01 4.14346123e+01 35. 34. 5. 5.72890816e+01
    37. 6.89060440e+01 4.64703636e+01 4. 38. 40. 5.08885422e+01 43.</data></vocabulary>
<bins>
  0. 6.94088161e-01 1.72219849e+00 1.73903370e+00 2.00001001e+00
  3.00001001e+00 3.00001025e+00 4.00000954e+00 4.00001001e+00
  5.00001001e+00 6.00001001e+00 7.00001001e+00 8.00000954e+00
  9.00000954e+00 1.00000095e+01 1.10000095e+01 1.20000095e+01
  1.30000086e+01 1.30000095e+01 1.40000095e+01 1.40000105e+01
  1.50000095e+01 1.60000095e+01 1.70000095e+01 1.80000095e+01
  1.90000095e+01 2.00000095e+01 2.10000095e+01 2.20000095e+01
  2.30000095e+01 2.40000076e+01 2.40000095e+01 2.40000114e+01
  2.50000095e+01 2.50000114e+01 2.60000095e+01 2.70000095e+01
  2.80000095e+01 2.90000095e+01 3.00000095e+01 3.00000114e+01
  3.10000076e+01 3.20000114e+01 3.24788513e+01 3.30000114e+01
  3.40000114e+01 3.44737396e+01 3.50000114e+01 3.60000114e+01
  3.64900246e+01 3.70000114e+01 3.80000114e+01 3.84764099e+01
  3.90000114e+01 4.00000114e+01 4.04652977e+01 4.04821358e+01
  4.14346237e+01 4.24816742e+01 4.29260559e+01 4.30000114e+01
  4.44722443e+01 4.44846802e+01 4.54955063e+01 4.64703751e+01
  4.64802818e+01 4.79433708e+01 4.84643784e+01 4.89283600e+01
  5.08885536e+01 5.09316635e+01 5.14764366e+01 5.34754868e+01
  5.38699532e+01 5.39282532e+01 5.59213638e+01 5.64676018e+01
  5.72890930e+01 5.89421730e+01 5.93322296e+01 6.19300117e+01
  6.21016121e+01 6.37403984e+01 6.53782578e+01 6.89060516e+01
  6.90942078e+01 6.97812424e+01 7.58702469e+01 7.62040939e+01
  7.85028458e+01 8.42590027e+01 8.48658371e+01 9.56063614e+01 256.</bins>
</opencv_storage>
