<?xml version="1.0"?>
<opencv_storage>
<cropSize>140</cropSize>
<clustersPerClass>10</clustersPerClass>
<totalDictSize>
  1 70</totalDictSize>
<flagType>2</flagType>
<attempts>20</attempts>
<classes>"AluBuilding BlueWood Grass SquareUnevenBlocks Tarmac UnevenBrickWall UpLibCarpet "</classes>
<Kmeans>
  <Iterations>1000000</Iterations>
  <Epsilon>9.9999999999999995e-08</Epsilon></Kmeans>
<vocabulary type_id="opencv-matrix">
  <rows>70</rows>
  <cols>1</cols>
  <dt>f</dt>
  <data>
    3.54488063e+00 7.05274887e+01 7.61780262e+00 3.50806999e+01
    2.44820442e+01 5.29568720e+00 4.96917305e+01 1.55257645e+01
    9.18367844e+01 1.56632257e+00 2.39712830e+01 6.93735313e+00
    1.32029428e+01 4.28859749e+01 2.25962615e+00 5.69954987e+01
    9.79013157e+00 3.25892525e+01 4.58333349e+00 1.76326103e+01
    3.11616826e+00 1.38417196e+01 9.39714813e+00 2.37271404e+01
    7.41588736e+00 1.68349438e+01 1.14041290e+01 5.44912577e+00
    3.12782173e+01 1.98116760e+01 9.90340328e+00 4.02861862e+01
    2.35406284e+01 3.79186416e+00 5.18885269e+01 1.76730747e+01
    7.00385427e+00 6.57537231e+01 3.09673328e+01 1.32833796e+01
    7.00000048e+00 4. 1.15532246e+01 9.26403904e+00 1.65532219e+00 6.
    3.00000024e+00 1.56167850e+01 5. 8. 1.39385290e+01 2.72288723e+01
    8.10568333e+00 4.12962456e+01 2.18162327e+01 5.19922905e+01
    4.73329687e+00 1.74266224e+01 3.35985641e+01 1.09969835e+01
    1.17796440e+01 5.39124918e+00 1.72156200e+01 7.37970209e+00
    2.65863729e+00 2.23739529e+01 3.12081623e+01 9.34225750e+00 4.
    1.44430332e+01</data></vocabulary>
<bins>
  0. 1.56633258e+00 1.65533221e+00 2.25963616e+00 2.65864730e+00
  3.00001025e+00 3.11617827e+00 3.54489064e+00 3.79187417e+00
  4.00001001e+00 4.58334351e+00 4.73330688e+00 5.00001001e+00
  5.29569721e+00 5.39125919e+00 5.44913578e+00 6.00001001e+00
  6.93736315e+00 7.00001049e+00 7.00386429e+00 7.37971210e+00
  7.41589737e+00 7.61781263e+00 8.00000954e+00 8.10569286e+00
  9.26404858e+00 9.34226704e+00 9.39715767e+00 9.79014111e+00
  9.90341282e+00 1.09969931e+01 1.14041386e+01 1.15532341e+01
  1.17796535e+01 1.32029524e+01 1.32833891e+01 1.38417292e+01
  1.39385386e+01 1.44430428e+01 1.55257740e+01 1.56167946e+01
  1.68349533e+01 1.72156296e+01 1.74266319e+01 1.76326199e+01
  1.76730843e+01 1.98116856e+01 2.18162422e+01 2.23739624e+01
  2.35406380e+01 2.37271500e+01 2.39712925e+01 2.44820538e+01
  2.72288818e+01 3.09673424e+01 3.12081718e+01 3.12782269e+01
  3.25892639e+01 3.35985756e+01 3.50807114e+01 4.02861977e+01
  4.12962570e+01 4.28859863e+01 4.96917419e+01 5.18885384e+01
  5.19923019e+01 5.69955101e+01 6.57537308e+01 7.05274963e+01
  9.18367920e+01 256.</bins>
</opencv_storage>
