<?xml version="1.0"?>
<opencv_storage>
<vocabulary type_id="opencv-matrix">
  <rows>150</rows>
  <cols>1</cols>
  <dt>f</dt>
  <data>
    8.99057770e+00 1.59725943e+01 4.48858261e+01 2.54483509e+01
    6.08975124e+00 1.23385935e+01 6.73008118e+01 1.97894802e+01
    3.34541779e+01 3.08858061e+00 1.33491840e+01 3.55646400e+01
    2.21946869e+01 9.91812611e+00 4.67370605e+01 3.72237754e+00
    1.73534317e+01 7.02507019e+00 2.81207886e+01 6.35827141e+01
    1.02716322e+01 3.20773010e+01 6.55906391e+00 1.91234303e+01
    5.23124809e+01 2.51955452e+01 1.43403435e+01 7.09201965e+01
    4.06673889e+01 2.99218941e+00 1.73517551e+01 9.53794003e+00
    3.27524872e+01 1.33908100e+01 2.60415192e+01 4.15735970e+01
    5.52729912e+01 6.13351870e+00 2.13818741e+01 3.12644529e+00
    8.50072479e+00 3.00857563e+01 4.95746994e+01 1.27822504e+01
    1.77556362e+01 8.16159973e+01 3.87571793e+01 4.73779678e+00
    2.32073822e+01 6.28952370e+01 3.32243347e+01 1.44610405e+01
    2.28270893e+01 4.62296219e+01 6.11403608e+00 5.77324715e+01
    3.91752853e+01 1.83953571e+01 2.78250713e+01 1.05140142e+01
    9.63877392e+00 2.24114113e+01 3.67884293e+01 1.60118256e+01
    5.51544905e+00 2.63964367e+01 4.66188812e+01 3.07891350e+01
    1.29998817e+01 1.89572392e+01 9.27115345e+00 3.12256527e+01
    2.18777390e+01 1.74800472e+01 4.74379196e+01 6.25744972e+01
    1.35420151e+01 3.79477615e+01 2.63725414e+01 4.72820520e+00
    1.35212011e+01 3.12147579e+01 5.98214684e+01 2.18653469e+01
    9.66667843e+00 4.58848495e+01 2.63691292e+01 1.74598465e+01
    5.48799372e+00 3.75976715e+01 6.15666962e+00 2.58114738e+01
    3.85466080e+01 1.83788795e+01 1.04825449e+01 5.89200020e+01
    3.15860691e+01 2.19461117e+01 1.44373703e+01 4.64900742e+01
    1.31013832e+01 2.14708328e+01 3.53982735e+01 4.54825878e+00
    4.34094505e+01 2.54133816e+01 1.75178757e+01 8.65829659e+00
    2.97667027e+01 5.67003822e+01 5.27022266e+00 2.23635597e+01
    3.34249802e+01 1.60163345e+01 2.71226158e+01 5.39062614e+01
    1.89754333e+01 4.11682091e+01 1.30338602e+01 9.70900917e+00
    5.27410460e+00 3.25122375e+01 1.99660778e+01 1.35947828e+01
    1.69928818e+01 5.20834122e+01 2.73981476e+01 4.02574310e+01
    9.71168327e+00 2.34403744e+01 1.25184736e+01 2.48072453e+01
    4.32002754e+01 1.64498577e+01 3.01666889e+01 4.49911118e+00
    2.03884602e+01 3.60847702e+01 5.61484566e+01 8.65249252e+00
    1.35894251e+01 2.97773609e+01 9.70063305e+00 2.04028187e+01
    2.48408031e+01 4.19575081e+01 5.35845261e+01 5.23171949e+00
    3.50657310e+01 1.69896011e+01</data></vocabulary>
<bins>
  0. 2.99219942e+00 3.08859062e+00 3.12645531e+00 3.72238755e+00
  4.49912119e+00 4.54826880e+00 4.72821522e+00 4.73780680e+00
  5.23172951e+00 5.27023268e+00 5.27411461e+00 5.48800373e+00
  5.51545906e+00 6.08976126e+00 6.11404610e+00 6.13352871e+00
  6.15667963e+00 6.55907393e+00 7.02508020e+00 8.50073433e+00
  8.65250206e+00 8.65830612e+00 8.99058723e+00 9.27116299e+00
  9.53794956e+00 9.63878345e+00 9.66668797e+00 9.70064259e+00
  9.70901871e+00 9.71169281e+00 9.91813564e+00 1.02716417e+01
  1.04825544e+01 1.05140238e+01 1.23386030e+01 1.25184832e+01
  1.27822599e+01 1.29998913e+01 1.30338697e+01 1.31013927e+01
  1.33491936e+01 1.33908195e+01 1.35212107e+01 1.35420246e+01
  1.35894346e+01 1.35947924e+01 1.43403530e+01 1.44373798e+01
  1.44610500e+01 1.59726038e+01 1.60118351e+01 1.60163441e+01
  1.64498672e+01 1.69896107e+01 1.69928913e+01 1.73517647e+01
  1.73534412e+01 1.74598560e+01 1.74800568e+01 1.75178852e+01
  1.77556458e+01 1.83788891e+01 1.83953667e+01 1.89572487e+01
  1.89754429e+01 1.91234398e+01 1.97894897e+01 1.99660873e+01
  2.03884697e+01 2.04028282e+01 2.13818836e+01 2.14708424e+01
  2.18653564e+01 2.18777485e+01 2.19461212e+01 2.21946964e+01
  2.23635693e+01 2.24114208e+01 2.28270988e+01 2.32073917e+01
  2.34403839e+01 2.48072548e+01 2.48408127e+01 2.51955547e+01
  2.54133911e+01 2.54483604e+01 2.58114834e+01 2.60415287e+01
  2.63691387e+01 2.63725510e+01 2.63964462e+01 2.71226254e+01
  2.73981571e+01 2.78250809e+01 2.81207981e+01 2.97667122e+01
  2.97773705e+01 3.00857658e+01 3.01666985e+01 3.07891445e+01
  3.12147675e+01 3.12256622e+01 3.15860786e+01 3.20773125e+01
  3.25122490e+01 3.27524986e+01 3.32243462e+01 3.34249916e+01
  3.34541893e+01 3.50657425e+01 3.53982849e+01 3.55646515e+01
  3.60847816e+01 3.67884407e+01 3.75976830e+01 3.79477730e+01
  3.85466194e+01 3.87571907e+01 3.91752968e+01 4.02574425e+01
  4.06674004e+01 4.11682205e+01 4.15736084e+01 4.19575195e+01
  4.32002869e+01 4.34094620e+01 4.48858376e+01 4.58848610e+01
  4.62296333e+01 4.64900856e+01 4.66188927e+01 4.67370720e+01
  4.74379311e+01 4.95747108e+01 5.20834236e+01 5.23124924e+01
  5.35845375e+01 5.39062729e+01 5.52730026e+01 5.61484680e+01
  5.67003937e+01 5.77324829e+01 5.89200134e+01 5.98214798e+01
  6.25745087e+01 6.28952484e+01 6.35827255e+01 6.73008194e+01
  7.09202042e+01 8.16160049e+01 256.</bins>
</opencv_storage>
