<?xml version="1.0"?>
<opencv_storage>
<cropSize>210</cropSize>
<clustersPerClass>5</clustersPerClass>
<totalDictSize>
  1 45</totalDictSize>
<flagType>2</flagType>
<attempts>35</attempts>
<classes>"AluBuilding BlueWood Grass SquareCarpet SquareUnevenBlocks Tarmac UnevenBrickWall UpLibCarpet WoodFloor "</classes>
<Kmeans>
  <Iterations>100000</Iterations>
  <Epsilon>9.9999999999999995e-07</Epsilon></Kmeans>
<vocabulary type_id="opencv-matrix">
  <rows>45</rows>
  <cols>1</cols>
  <dt>f</dt>
  <data>
    5.06894922e+00 7.73080368e+01 1.95998707e+01 2.29205966e+00
    4.12174454e+01 9.28132534e+00 6.51371155e+01 1.97825928e+01
    3.92163658e+00 3.87643929e+01 1.82988262e+01 1.26084309e+01
    3.54064445e+01 2.50300846e+01 6.65599585e+00 4.81337786e+00
    1.83276253e+01 3.11062984e+01 5.72836685e+01 1.03133602e+01
    1.15793629e+01 3.18041954e+01 1.91109161e+01 5.80584812e+00
    5.37824936e+01 8.48410130e+00 1.68294601e+01 4.59684467e+00
    2.39962788e+01 1.22830248e+01 7.99645853e+00 3.26550789e+01
    2.23131657e+01 4.85326233e+01 1.47530212e+01 1.21711550e+01
    3.70075941e+00 3.80410004e+01 7.30059004e+00 2.06126499e+01
    1.64171829e+01 1.07849798e+01 5.78907251e+00 2.44149551e+01
    3.86486702e+01</data></vocabulary>
<bins>
  0. 2.29206967e+00 3.70076942e+00 3.92164660e+00 4.59685469e+00
  4.81338787e+00 5.06895924e+00 5.78908253e+00 5.80585814e+00
  6.65600586e+00 7.30060005e+00 7.99646854e+00 8.48411083e+00
  9.28133488e+00 1.03133698e+01 1.07849894e+01 1.15793724e+01
  1.21711645e+01 1.22830343e+01 1.26084404e+01 1.47530308e+01
  1.64171925e+01 1.68294697e+01 1.82988358e+01 1.83276348e+01
  1.91109257e+01 1.95998802e+01 1.97826023e+01 2.06126595e+01
  2.23131752e+01 2.39962883e+01 2.44149647e+01 2.50300941e+01
  3.11063080e+01 3.18042049e+01 3.26550903e+01 3.54064560e+01
  3.80410118e+01 3.86486816e+01 3.87644043e+01 4.12174568e+01
  4.85326347e+01 5.37825050e+01 5.72836800e+01 6.51371231e+01
  7.73080444e+01 256.</bins>
</opencv_storage>
