<?xml version="1.0"?>
<opencv_storage>
<Serial>1192217978</Serial>
<modelsInfo>
  <Num_Models>3</Num_Models>
  <cropSize>100</cropSize>
  <modelsNumOfClusters>10</modelsNumOfClusters>
  <modelsFlagType>2</modelsFlagType>
  <modelsAttempts>5</modelsAttempts>
  <Kmeans>
    <Iterations>1000</Iterations>
    <Epsilon>1.0000000000000000e-04</Epsilon></Kmeans></modelsInfo>
<textonDictInfo>
  <totalDictSize>
    1 150</totalDictSize>
  <vocabulary type_id="opencv-matrix">
    <rows>150</rows>
    <cols>1</cols>
    <dt>f</dt>
    <data>
      8. 21. 1.30000010e+01 2. 17. 33. 10. 7. 1.50000010e+01 27. 5. 19.
      24. 9. 38. 6. 29. 11. 12. 18. 1.39999990e+01 16. 3. 3.99999976e+00
      20. 22. 23. 4.85714302e+01 3.10000019e+01 1. 25. 4.32142868e+01
      30. 26. 34. 3.69999962e+01 28. 32. 40. 3.59999962e+01 35. 60.
      4.53333359e+01 5.25000000e+01 39. 41. 42. 5.07142868e+01 55. 47.
      10. 20. 6. 44. 1.50000010e+01 13. 3.00000019e+01 4. 36. 9. 23. 17.
      7. 8. 2. 11. 5.74571419e+01 5. 14. 12. 27. 16. 4.87860260e+01
      3.94847641e+01 33. 3. 18. 19. 24. 5.37702713e+01 21. 22. 25.
      4.54280167e+01 37. 9.85401452e-01 42. 31. 26. 6.24444466e+01 28.
      34. 47. 29. 3.50000038e+01 32. 38. 41. 5.14647865e+01 43. 17.
      5.84850044e+01 3. 4.25184937e+01 11. 2.34994392e+01 8.10440369e+01
      7. 3.15041580e+01 6.79946518e+01 14. 4.69310379e+01 3.65460472e+01
      27. 9. 8.88782043e+01 20. 5. 7.45338669e+01 5.39657402e+01
      3.99400673e+01 9.99999905e+00 22. 6. 4. 2.95070343e+01
      6.30072289e+01 7.09678802e+01 3.39737701e+01 8. 4.94933090e+01 15.
      8.43375244e+01 9.62297287e+01 21. 5.14759102e+01 12. 16.
      1.62786317e+00 7.80566025e+01 4.45181313e+01 13. 38. 18.
      6.04428329e+01 19. 5.64589157e+01 28. 6.55527191e+01
      2.55048332e+01</data></vocabulary>
  <bins>
    0. 9.85411465e-01 1.00001001e+00 1.62787318e+00 2.00001001e+00
    3.00001001e+00 4.00000954e+00 4.00001001e+00 5.00001001e+00
    6.00001001e+00 7.00001001e+00 8.00000954e+00 9.00000954e+00
    1.00000086e+01 1.00000095e+01 1.10000095e+01 1.20000095e+01
    1.30000095e+01 1.30000105e+01 1.40000086e+01 1.40000095e+01
    1.50000095e+01 1.50000105e+01 1.60000095e+01 1.70000095e+01
    1.80000095e+01 1.90000095e+01 2.00000095e+01 2.10000095e+01
    2.20000095e+01 2.30000095e+01 2.34994488e+01 2.40000095e+01
    2.50000095e+01 2.55048428e+01 2.60000095e+01 2.70000095e+01
    2.80000095e+01 2.90000095e+01 2.95070438e+01 3.00000095e+01
    3.00000114e+01 3.10000095e+01 3.10000114e+01 3.15041676e+01
    3.20000114e+01 3.30000114e+01 3.39737816e+01 3.40000114e+01
    3.50000114e+01 3.50000153e+01 3.60000076e+01 3.60000114e+01
    3.65460587e+01 3.70000076e+01 3.70000114e+01 3.80000114e+01
    3.90000114e+01 3.94847755e+01 3.99400787e+01 4.00000114e+01
    4.10000114e+01 4.20000114e+01 4.25185051e+01 4.30000114e+01
    4.32142982e+01 4.40000114e+01 4.45181427e+01 4.53333473e+01
    4.54280281e+01 4.69310493e+01 4.70000114e+01 4.85714417e+01
    4.87860374e+01 4.94933205e+01 5.07142982e+01 5.14647980e+01
    5.14759216e+01 5.25000114e+01 5.37702827e+01 5.39657516e+01
    5.50000114e+01 5.64589272e+01 5.74571533e+01 5.84850159e+01
    6.00000114e+01 6.04428444e+01 6.24444580e+01 6.30072403e+01
    6.55527267e+01 6.79946594e+01 7.09678879e+01 7.45338745e+01
    7.80566101e+01 8.10440445e+01 8.43375320e+01 8.88782120e+01
    9.62297363e+01 256.</bins></textonDictInfo>
<classes>
  <class_0>
    <Name>BlackTarmac</Name>
    <Models>
      <m_0 type_id="opencv-matrix">
        <rows>98</rows>
        <cols>1</cols>
        <dt>f</dt>
        <data>
          0. 0. 0. 0. 0. 1. 0. 0. 0. 1. 0. 1. 0. 0. 1. 0. 1. 0. 0. 0. 1.
          0. 0. 0. 1. 0. 0. 1. 0. 0. 0. 0. 0. 0. 1. 0. 0. 0. 0. 0. 0. 0.
          0. 0. 0. 0. 0. 1. 0. 0. 0. 0. 0. 0. 0. 0. 0. 0. 0. 0. 0. 0. 0.
          0. 0. 0. 0. 0. 0. 0. 0. 0. 0. 0. 0. 0. 0. 0. 0. 0. 0. 0. 0. 0.
          0. 0. 0. 0. 0. 0. 0. 0. 0. 0. 0. 0. 0. 0.</data></m_0></Models></class_0>
  <class_1>
    <Name>LargeSquareEvenBlocks</Name>
    <Models>
      <m_0 type_id="opencv-matrix">
        <rows>98</rows>
        <cols>1</cols>
        <dt>f</dt>
        <data>
          0. 0. 0. 0. 1. 0. 0. 0. 1. 0. 0. 1. 0. 0. 1. 0. 0. 0. 1. 0. 0.
          0. 0. 0. 1. 0. 0. 0. 1. 0. 0. 0. 0. 0. 0. 1. 0. 0. 0. 0. 0. 0.
          0. 0. 0. 0. 0. 0. 0. 0. 1. 0. 0. 0. 0. 0. 0. 0. 0. 0. 0. 0. 0.
          0. 0. 0. 0. 0. 0. 1. 0. 0. 0. 0. 0. 0. 0. 0. 0. 0. 0. 0. 0. 0.
          0. 0. 0. 0. 0. 0. 0. 0. 0. 0. 0. 0. 0. 0.</data></m_0></Models></class_1>
  <class_2>
    <Name>LinearBlocks</Name>
    <Models>
      <m_0 type_id="opencv-matrix">
        <rows>98</rows>
        <cols>1</cols>
        <dt>f</dt>
        <data>
          0. 0. 0. 0. 0. 0. 0. 1. 0. 0. 0. 1. 0. 0. 0. 1. 0. 0. 0. 0. 0.
          0. 0. 1. 0. 0. 0. 0. 0. 0. 1. 0. 0. 0. 0. 0. 0. 0. 0. 0. 0. 1.
          0. 0. 0. 0. 0. 0. 0. 0. 0. 0. 0. 0. 0. 1. 0. 0. 0. 0. 0. 0. 0.
          0. 0. 0. 0. 0. 0. 0. 0. 0. 1. 0. 0. 0. 0. 0. 0. 0. 0. 0. 0. 0.
          0. 0. 0. 1. 0. 0. 0. 0. 0. 1. 0. 0. 0. 0.</data></m_0></Models></class_2></classes>
</opencv_storage>
