<?xml version="1.0"?>
<opencv_storage>
<modelSerial>328693452</modelSerial>
<Iteration0>
  <CrossPatternBlocks>
    <TP>112.</TP>
    <FP>299.</FP>
    <TN>277.</TN>
    <FN>84.</FN>
    <PPV>2.7250608272506083e-01</PPV>
    <TPR>5.7142857142857140e-01</TPR></CrossPatternBlocks>
  <LinearBricks>
    <TP>47.</TP>
    <FP>164.</FP>
    <TN>464.</TN>
    <FN>97.</FN>
    <PPV>2.2274881516587677e-01</PPV>
    <TPR>3.2638888888888890e-01</TPR></LinearBricks>
  <Tarmac>
    <TP>95.</TP>
    <FP>55.</FP>
    <TN>285.</TN>
    <FN>337.</FN>
    <PPV>6.3333333333333330e-01</PPV>
    <TPR>2.1990740740740741e-01</TPR></Tarmac></Iteration0>
</opencv_storage>
