<?xml version="1.0"?>
<opencv_storage>
<modelSerial>684294785</modelSerial>
<Iteration0>
  <BlackTarmac>
    <TP>12.</TP>
    <FP>19.</FP>
    <TN>31.</TN>
    <FN>13.</FN>
    <PPV>3.8709677419354838e-01</PPV>
    <TPR>4.7999999999999998e-01</TPR></BlackTarmac>
  <LargeSquareEvenBlocks>
    <TP>13.</TP>
    <FP>20.</FP>
    <TN>30.</TN>
    <FN>12.</FN>
    <PPV>3.9393939393939392e-01</PPV>
    <TPR>5.2000000000000002e-01</TPR></LargeSquareEvenBlocks>
  <LinearBlocks>
    <TP>6.</TP>
    <FP>5.</FP>
    <TN>45.</TN>
    <FN>19.</FN>
    <PPV>5.4545454545454541e-01</PPV>
    <TPR>2.3999999999999999e-01</TPR></LinearBlocks></Iteration0>
</opencv_storage>
