<?xml version="1.0"?>
<opencv_storage>
<Serial>982335673</Serial>
<modelsInfo>
  <Num_Models>3</Num_Models>
  <cropSize>100</cropSize>
  <modelsNumOfClusters>10</modelsNumOfClusters>
  <modelsFlagType>2</modelsFlagType>
  <modelsAttempts>5</modelsAttempts>
  <Kmeans>
    <Iterations>1000</Iterations>
    <Epsilon>1.0000000000000000e-04</Epsilon></Kmeans></modelsInfo>
<textonDictInfo>
  <totalDictSize>
    1 150</totalDictSize>
  <vocabulary type_id="opencv-matrix">
    <rows>150</rows>
    <cols>1</cols>
    <dt>f</dt>
    <data>
      19. 7. 3.94592896e+01 29. 6.28523178e+01 13. 23. 16.
      4.89383698e+01 3.64957619e+01 9.57123032e+01 11. 9. 7.86733093e+01
      26. 4. 21. 3.34527359e+01 5.43575249e+01 4.64642754e+01 8. 15.
      6.77733459e+01 4.24711990e+01 10. 12. 17. 3.09999981e+01 20. 28.
      22. 1.40000010e+01 6. 8.63857956e+01 18. 5.83894844e+01 38. 32.
      24. 2.75244212e+00 27. 5. 4.44805527e+01 25. 7.28419037e+01 35.
      30. 41. 5.14857140e+01 9.31272328e-01 13. 3.25069962e+01
      6.49352112e+01 6. 5.14964066e+01 24. 17. 7.89145355e+01 9. 4.
      4.29499283e+01 21. 2. 2.84660225e+01 11. 7.99999952e+00
      3.99410667e+01 15. 7. 9.00594864e+01 19. 6.99200134e+01
      5.69707336e+01 3.54561958e+01 10. 5. 6.04451752e+01 12. 14. 18.
      4.74916306e+01 3. 7.44669418e+01 3.00000019e+01 5.39625015e+01 26.
      8.55282307e-01 25. 20. 2.20000019e+01 16. 27. 9.64307251e+01
      3.74371109e+01 31. 23. 8.41708374e+01 4.54797897e+01
      4.95037804e+01 34. 14. 25. 4.44825897e+01 6. 32. 9. 21.
      5.68852119e+01 39. 17. 3. 2.79999981e+01 11. 35. 19.
      5.08697510e+01 23. 37. 16. 12. 13. 3.00000019e+01 20.
      2.19999981e+01 24. 4.24813881e+01 18. 10. 15. 27. 7.99999952e+00
      6.69872818e+01 26. 2.89999981e+01 7. 4.84795723e+01 41.
      3.10000019e+01 4. 5. 34. 4.64635811e+01 33. 9.99999940e-01 36. 40.
      38. 6.05865784e+01 5.38767014e+01 1.99999988e+00</data></vocabulary>
  <bins>
    0. 8.55292320e-01 9.31282341e-01 1.00000989e+00 2.00000978e+00
    2.00001001e+00 2.75245214e+00 3.00001001e+00 4.00001001e+00
    5.00001001e+00 6.00001001e+00 7.00001001e+00 8.00000954e+00
    9.00000954e+00 1.00000095e+01 1.10000095e+01 1.20000095e+01
    1.30000095e+01 1.40000095e+01 1.40000105e+01 1.50000095e+01
    1.60000095e+01 1.70000095e+01 1.80000095e+01 1.90000095e+01
    2.00000095e+01 2.10000095e+01 2.20000076e+01 2.20000095e+01
    2.20000114e+01 2.30000095e+01 2.40000095e+01 2.50000095e+01
    2.60000095e+01 2.70000095e+01 2.80000076e+01 2.80000095e+01
    2.84660320e+01 2.90000076e+01 2.90000095e+01 3.00000095e+01
    3.00000114e+01 3.10000076e+01 3.10000095e+01 3.10000114e+01
    3.20000114e+01 3.25070076e+01 3.30000114e+01 3.34527473e+01
    3.40000114e+01 3.50000114e+01 3.54562073e+01 3.60000114e+01
    3.64957733e+01 3.70000114e+01 3.74371223e+01 3.80000114e+01
    3.90000114e+01 3.94593010e+01 3.99410782e+01 4.00000114e+01
    4.10000114e+01 4.24712105e+01 4.24813995e+01 4.29499397e+01
    4.44805641e+01 4.44826012e+01 4.54798012e+01 4.64635925e+01
    4.64642868e+01 4.74916420e+01 4.84795837e+01 4.89383812e+01
    4.95037918e+01 5.08697624e+01 5.14857254e+01 5.14964180e+01
    5.38767128e+01 5.39625130e+01 5.43575363e+01 5.68852234e+01
    5.69707451e+01 5.83894958e+01 6.04451866e+01 6.05865898e+01
    6.28523293e+01 6.49352188e+01 6.69872894e+01 6.77733536e+01
    6.99200211e+01 7.28419113e+01 7.44669495e+01 7.86733170e+01
    7.89145432e+01 8.41708450e+01 8.63858032e+01 9.00594940e+01
    9.57123108e+01 9.64307327e+01 256.</bins></textonDictInfo>
<classes>
  <class_0>
    <Name>CrossPatternBlocks</Name>
    <Models>
      <m_0 type_id="opencv-matrix">
        <rows>99</rows>
        <cols>1</cols>
        <dt>f</dt>
        <data>
          0. 0. 0. 0. 0. 0. 0. 0. 0. 1. 0. 0. 0. 1. 0. 0. 1. 0. 0. 0. 0.
          1. 0. 0. 0. 0. 1. 0. 0. 0. 0. 0. 1. 0. 0. 0. 0. 0. 0. 0. 0. 0.
          0. 0. 1. 0. 0. 0. 0. 0. 0. 0. 0. 0. 0. 0. 1. 0. 0. 0. 0. 0. 0.
          0. 0. 0. 0. 0. 0. 0. 0. 0. 1. 0. 0. 0. 0. 0. 0. 0. 0. 0. 0. 0.
          0. 0. 1. 0. 0. 0. 0. 0. 0. 0. 0. 0. 0. 0. 0.</data></m_0></Models></class_0>
  <class_1>
    <Name>LinearBricks</Name>
    <Models>
      <m_0 type_id="opencv-matrix">
        <rows>99</rows>
        <cols>1</cols>
        <dt>f</dt>
        <data>
          0. 0. 0. 0. 0. 0. 0. 0. 1. 0. 0. 1. 0. 0. 1. 0. 0. 0. 0. 0. 1.
          0. 0. 0. 0. 1. 0. 0. 0. 0. 0. 0. 0. 1. 0. 0. 0. 0. 0. 0. 0. 0.
          0. 0. 0. 0. 0. 0. 1. 0. 0. 0. 0. 0. 0. 0. 0. 0. 0. 0. 0. 0. 0.
          0. 0. 1. 0. 0. 0. 0. 0. 0. 0. 0. 0. 0. 0. 0. 0. 0. 0. 1. 0. 0.
          0. 0. 0. 0. 0. 0. 1. 0. 0. 0. 0. 0. 0. 0. 0.</data></m_0></Models></class_1>
  <class_2>
    <Name>Tarmac</Name>
    <Models>
      <m_0 type_id="opencv-matrix">
        <rows>99</rows>
        <cols>1</cols>
        <dt>f</dt>
        <data>
          0. 0. 0. 0. 0. 0. 0. 0. 1. 0. 0. 0. 1. 0. 0. 0. 1. 0. 0. 0. 1.
          0. 0. 1. 0. 0. 0. 0. 0. 1. 0. 0. 0. 0. 1. 0. 0. 0. 0. 0. 0. 0.
          0. 0. 0. 0. 0. 0. 1. 0. 0. 0. 0. 0. 0. 0. 0. 0. 0. 0. 0. 1. 0.
          0. 0. 0. 0. 0. 0. 0. 0. 0. 0. 0. 0. 1. 0. 0. 0. 0. 0. 0. 0. 0.
          0. 0. 0. 0. 0. 0. 0. 0. 0. 0. 0. 0. 0. 0. 0.</data></m_0></Models></class_2></classes>
</opencv_storage>
