<?xml version="1.0"?>
<opencv_storage>
<cropSize>719</cropSize>
<clustersPerClass>15</clustersPerClass>
<totalDictSize>
  1 120</totalDictSize>
<flagType>2</flagType>
<attempts>25</attempts>
<classes>"CagedStones Grass SquareCarpet SquarePaving StoneWall Tarmac WoodFloor WoodGarage "</classes>
<Kmeans>
  <Iterations>100000</Iterations>
  <Epsilon>9.9999999999999995e-07</Epsilon></Kmeans>
<vocabulary type_id="opencv-matrix">
  <rows>120</rows>
  <cols>1</cols>
  <dt>f</dt>
  <data>
    7.07895470e+00 4.30916481e+01 1.79139309e+01 2.73576279e+01
    6.12168579e+01 1.19570541e+01 3.62840118e+01 4.02401972e+00
    2.09513969e+01 1.49474888e+01 7.35391693e+01 5.15321541e+01
    9.46413517e+00 2.39196167e+01 3.14128876e+01 6.13455582e+00
    2.29318199e+01 1.34512444e+01 3.60557480e+01 1.79499569e+01
    1.14567757e+01 3.13535728e+01 4.28398056e+01 2.54321880e+01
    3.19055176e+00 2.05258179e+01 5.32436752e+01 1.54483929e+01
    2.78981438e+01 9.07918453e+00 4.57686090e+00 4.60157280e+01
    2.64741039e+01 1.23085384e+01 4.07770348e+01 1.94290905e+01
    8.83110428e+00 3.11968613e+01 3.59769478e+01 2.46318197e+00
    5.23998260e+01 6.50285006e+00 1.60338421e+01 6.81015320e+01
    2.30148125e+01 1.29033794e+01 2.19485474e+00 2.91598911e+01
    6.54308128e+00 5.11475410e+01 1.93137550e+01 8.52526188e+00
    1.59103909e+01 8.05373154e+01 1.05016079e+01 3.56752853e+01
    2.36777191e+01 6.36306076e+01 4.55680656e+00 4.26320343e+01
    1.59211626e+01 7.48023367e+00 2.97260838e+01 2.22772560e+01
    1.34335985e+01 4.18439980e+01 9.44780254e+00 3.16527438e+00
    6.49526749e+01 1.88995056e+01 3.51196785e+01 5.52365732e+00
    1.14343538e+01 5.10953560e+01 2.58854389e+01 3.12073469e+00
    1.89329262e+01 2.82701855e+01 1.14628496e+01 1.45226498e+01
    4.49663849e+01 7.47989511e+00 2.19088440e+01 3.69138336e+01
    9.45969868e+00 1.65250168e+01 2.49076099e+01 3.22928505e+01 13.
    5.49093866e+00 8.51164341e+00 2.23332367e+01 5.97200661e+01
    1.59336872e+01 3.60823870e+00 3.65149498e+01 1.04861479e+01
    3.08115540e+01 5.49880457e+00 2.63394833e+01 1.88998260e+01
    4.51370926e+01 1.49189425e+00 1.28904524e+01 7.00000048e+00
    2.38933430e+01 4.53732967e+00 7.65397034e+01 4.41100578e+01
    1.08328772e+01 3.55570717e+01 1.88645782e+01 2.31042957e+00
    8.47394753e+00 5.40783272e+01 9.08835449e+01 6.47696915e+01
    2.93013592e+01 1.43352060e+01 6.46570826e+00</data></vocabulary>
<bins>
  0. 1.49190426e+00 2.19486475e+00 2.31043959e+00 2.46319199e+00
  3.12074471e+00 3.16528440e+00 3.19056177e+00 3.60824871e+00
  4.02402973e+00 4.53733969e+00 4.55681658e+00 4.57687092e+00
  5.49094868e+00 5.49881458e+00 5.52366734e+00 6.13456583e+00
  6.46571827e+00 6.50286007e+00 6.54309130e+00 7.00001049e+00
  7.07896471e+00 7.47990513e+00 7.48024368e+00 8.47395706e+00
  8.51165295e+00 8.52527142e+00 8.83111382e+00 9.07919407e+00
  9.44781208e+00 9.45970821e+00 9.46414471e+00 1.04861574e+01
  1.05016174e+01 1.08328867e+01 1.14343634e+01 1.14567852e+01
  1.14628592e+01 1.19570637e+01 1.23085480e+01 1.28904619e+01
  1.29033890e+01 1.30000095e+01 1.34336081e+01 1.34512539e+01
  1.43352156e+01 1.45226593e+01 1.49474983e+01 1.54484024e+01
  1.59104004e+01 1.59211721e+01 1.59336967e+01 1.60338516e+01
  1.65250263e+01 1.79139404e+01 1.79499664e+01 1.88645878e+01
  1.88995152e+01 1.88998356e+01 1.89329357e+01 1.93137646e+01
  1.94291000e+01 2.05258274e+01 2.09514065e+01 2.19088535e+01
  2.22772655e+01 2.23332462e+01 2.29318295e+01 2.30148220e+01
  2.36777287e+01 2.38933525e+01 2.39196262e+01 2.49076195e+01
  2.54321976e+01 2.58854485e+01 2.63394928e+01 2.64741135e+01
  2.73576374e+01 2.78981533e+01 2.82701950e+01 2.91599007e+01
  2.93013687e+01 2.97260933e+01 3.08115635e+01 3.11968708e+01
  3.13535824e+01 3.14128971e+01 3.22928619e+01 3.51196899e+01
  3.55570831e+01 3.56752968e+01 3.59769592e+01 3.60557594e+01
  3.62840233e+01 3.65149612e+01 3.69138451e+01 4.07770462e+01
  4.18440094e+01 4.26320457e+01 4.28398170e+01 4.30916595e+01
  4.41100693e+01 4.49663963e+01 4.51371040e+01 4.60157394e+01
  5.10953674e+01 5.11475525e+01 5.15321655e+01 5.23998375e+01
  5.32436867e+01 5.40783386e+01 5.97200775e+01 6.12168694e+01
  6.36306190e+01 6.47696991e+01 6.49526825e+01 6.81015396e+01
  7.35391769e+01 7.65397110e+01 8.05373230e+01 9.08835526e+01 256.</bins>
</opencv_storage>
