<?xml version="1.0"?>
<opencv_storage>
<cropSize>80</cropSize>
<clustersPerClass>10</clustersPerClass>
<totalDictSize>
  1 10</totalDictSize>
<flagType>2</flagType>
<attempts>5</attempts>
<classes>"Grass "</classes>
<Kmeans>
  <Iterations>1000</Iterations>
  <Epsilon>1.0000000000000000e-04</Epsilon></Kmeans>
<vocabulary type_id="opencv-matrix">
  <rows>10</rows>
  <cols>1</cols>
  <dt>f</dt>
  <data>
    7.44545460e+00 1.68131008e+01 1.25001955e+01 3.12256670e+00
    2.00254993e+01 5.49501991e+00 2.43739128e+01 1.05497055e+01
    1.44758434e+01 9.</data></vocabulary>
<bins>
  0. 3.12257671e+00 5.49502993e+00 7.44546461e+00 9.00000954e+00
  1.05497150e+01 1.25002050e+01 1.44758530e+01 1.68131104e+01
  2.00255089e+01 2.43739223e+01 256.</bins>
</opencv_storage>
