<?xml version="1.0"?>
<opencv_storage>
<cropSize>210</cropSize>
<clustersPerClass>10</clustersPerClass>
<totalDictSize>
  1 80</totalDictSize>
<flagType>2</flagType>
<attempts>35</attempts>
<classes>"AluBuilding Grass PaintedWood SquareCarpet SquarePaving StoneWall Tarmac WoodFloor "</classes>
<Kmeans>
  <Iterations>100000</Iterations>
  <Epsilon>9.9999999999999995e-07</Epsilon></Kmeans>
<vocabulary type_id="opencv-matrix">
  <rows>80</rows>
  <cols>1</cols>
  <dt>f</dt>
  <data>
    3.43161345e+00 4.74089622e+01 1.43307438e+01 8.76017151e+01
    1.61145020e+00 6.53313446e+00 3.42635612e+01 5. 6.62550201e+01
    2.27245941e+01 1.39882507e+01 2.89615116e+01 7.76590967e+00
    2.03132668e+01 4.50626297e+01 3.53731651e+01 1.10398579e+01
    2.42620945e+01 3.92258859e+00 1.69605160e+01 5.90714025e+00
    4.59866447e+01 3.44780350e+01 1.74163322e+01 1.21435795e+01
    5.93236237e+01 8.85243893e+00 7.58526001e+01 2.84070420e+00
    2.49996166e+01 5.03730536e+00 2.36526031e+01 9.86674118e+00
    4.58203888e+01 1.32870502e+01 2.31913304e+00 3.29311485e+01
    6.47584610e+01 1.76269283e+01 7.42768526e+00 1.09396715e+01
    4.19728699e+01 1.86201324e+01 8.05066395e+00 6.98105316e+01
    3.23575134e+01 4.56487751e+00 5.34608498e+01 1.42913523e+01
    2.44201756e+01 1.34625092e+01 2.57865314e+01 5.79144096e+01
    5.38457966e+00 1.74090252e+01 3.76383057e+01 9.61004829e+00
    4.56902618e+01 3.11967220e+01 2.14112549e+01 1.05306253e+01
    1.98335209e+01 3.92732644e+00 8.56205177e+00 1.44936523e+01
    2.36795559e+01 1.25068235e+01 6.58775425e+00 1.68588943e+01
    3.11449871e+01 6.11239100e+00 1.09269028e+01 2.16941280e+01
    3.58468361e+01 1.38918352e+01 3.08424163e+00 1.73205261e+01
    2.73472729e+01 5.05167198e+01 8.51937771e+00</data></vocabulary>
<bins>
  0. 1.61146021e+00 2.31914306e+00 2.84071422e+00 3.08425164e+00
  3.43162346e+00 3.92259860e+00 3.92733645e+00 4.56488752e+00
  5.00001001e+00 5.03731537e+00 5.38458967e+00 5.90715027e+00
  6.11240101e+00 6.53314447e+00 6.58776426e+00 7.42769527e+00
  7.76591969e+00 8.05067348e+00 8.51938725e+00 8.56206131e+00
  8.85244846e+00 9.61005783e+00 9.86675072e+00 1.05306349e+01
  1.09269123e+01 1.09396811e+01 1.10398674e+01 1.21435890e+01
  1.25068331e+01 1.32870598e+01 1.34625187e+01 1.38918447e+01
  1.39882603e+01 1.42913618e+01 1.43307533e+01 1.44936619e+01
  1.68589039e+01 1.69605255e+01 1.73205357e+01 1.74090347e+01
  1.74163418e+01 1.76269379e+01 1.86201420e+01 1.98335304e+01
  2.03132763e+01 2.14112644e+01 2.16941376e+01 2.27246037e+01
  2.36526127e+01 2.36795654e+01 2.42621040e+01 2.44201851e+01
  2.49996262e+01 2.57865410e+01 2.73472824e+01 2.89615211e+01
  3.11449966e+01 3.11967316e+01 3.23575249e+01 3.29311600e+01
  3.42635727e+01 3.44780464e+01 3.53731766e+01 3.58468475e+01
  3.76383171e+01 4.19728813e+01 4.50626411e+01 4.56902733e+01
  4.58204002e+01 4.59866562e+01 4.74089737e+01 5.05167313e+01
  5.34608612e+01 5.79144211e+01 5.93236351e+01 6.47584686e+01
  6.62550278e+01 6.98105392e+01 7.58526077e+01 8.76017227e+01 256.</bins>
</opencv_storage>
