<?xml version="1.0"?>
<opencv_storage>
<cropSize>70</cropSize>
<clustersPerClass>10</clustersPerClass>
<totalDictSize>
  1 80</totalDictSize>
<flagType>2</flagType>
<attempts>35</attempts>
<classes>"AluBuilding Grass PaintedWood SquareCarpet SquarePaving StoneWall Tarmac WoodFloor "</classes>
<Kmeans>
  <Iterations>100000</Iterations>
  <Epsilon>9.9999999999999995e-07</Epsilon></Kmeans>
<vocabulary type_id="opencv-matrix">
  <rows>80</rows>
  <cols>1</cols>
  <dt>f</dt>
  <data>
    9.37506485e+00 5.41958046e+01 5.15307570e+00 1.38600025e+01
    3.48643646e+01 8.17096786e+01 2.26646671e+01 2.03884292e+00
    1.13971319e+01 7.55046892e+00 1.69263248e+01 9.06462479e+00
    2.32705879e+01 3.17840099e+00 1.39571676e+01 2.77944946e+01
    1.98758812e+01 6.17287636e+00 1.14511156e+01 3.52902260e+01
    1.52919884e+01 8.95544052e+00 3.44992065e+01 2.59116650e+01
    3.16092801e+00 6.13098288e+00 1.96190224e+01 5.73549385e+01
    1.18817797e+01 4.36637001e+01 1.14077969e+01 3.05434132e+01
    3.81683044e+01 1.97283020e+01 7.01275635e+01 4.68604469e+00
    1.54325132e+01 4.98198471e+01 8.08286095e+00 2.46912365e+01
    1.74148788e+01 3.53131485e+01 4.59210730e+00 2.74452000e+01
    1.09893570e+01 4.48139915e+01 1.39439564e+01 8.13782024e+00
    2.17874298e+01 5.76605759e+01 8.60768032e+00 2.92084808e+01
    1.64093132e+01 4.43649101e+01 2.03973846e+01 5.57650833e+01
    1.24640770e+01 3.58574333e+01 4.54492855e+00 2.43758793e+01
    1.05234337e+01 1.68653412e+01 3.86438799e+00 2.35902519e+01
    1.25039463e+01 6.54808283e+00 3.08401241e+01 1.44950361e+01
    8.54208374e+00 1.97691650e+01 8.12249279e+00 3.14155235e+01
    1.73992252e+01 1.39419022e+01 3.93390846e+01 4.74267769e+00
    2.56887321e+01 1.09754229e+01 2.13585434e+01 5.08323555e+01</data></vocabulary>
<bins>
  0. 2.03885293e+00 3.16093802e+00 3.17841101e+00 3.86439800e+00
  4.54493856e+00 4.59211731e+00 4.68605471e+00 4.74268770e+00
  5.15308571e+00 6.13099289e+00 6.17288637e+00 6.54809284e+00
  7.55047894e+00 8.08287048e+00 8.12250233e+00 8.13782978e+00
  8.54209328e+00 8.60768986e+00 8.95545006e+00 9.06463432e+00
  9.37507439e+00 1.05234432e+01 1.09754324e+01 1.09893665e+01
  1.13971415e+01 1.14078064e+01 1.14511251e+01 1.18817892e+01
  1.24640865e+01 1.25039558e+01 1.38600121e+01 1.39419117e+01
  1.39439659e+01 1.39571772e+01 1.44950457e+01 1.52919979e+01
  1.54325228e+01 1.64093227e+01 1.68653507e+01 1.69263344e+01
  1.73992348e+01 1.74148884e+01 1.96190319e+01 1.97283115e+01
  1.97691746e+01 1.98758907e+01 2.03973942e+01 2.13585529e+01
  2.17874393e+01 2.26646767e+01 2.32705975e+01 2.35902615e+01
  2.43758888e+01 2.46912460e+01 2.56887417e+01 2.59116745e+01
  2.74452095e+01 2.77945042e+01 2.92084904e+01 3.05434227e+01
  3.08401337e+01 3.14155331e+01 3.44992180e+01 3.48643761e+01
  3.52902374e+01 3.53131599e+01 3.58574448e+01 3.81683159e+01
  3.93390961e+01 4.36637115e+01 4.43649216e+01 4.48140030e+01
  4.98198586e+01 5.08323669e+01 5.41958160e+01 5.57650948e+01
  5.73549500e+01 5.76605873e+01 7.01275711e+01 8.17096863e+01 256.</bins>
</opencv_storage>
