<?xml version="1.0"?>
<opencv_storage>
<vocabulary type_id="opencv-matrix">
  <rows>50</rows>
  <cols>1</cols>
  <dt>f</dt>
  <data>
    1.64038124e+01 5.97808838e+00 3.43067589e+01 2.65393772e+01
    8.91254139e+00 2.02333344e+02 1.23497419e+01 2.07923012e+01
    4.86466675e+01 3.11272216e+00 2.29302959e+01 6.97442865e+00
    1.31799726e+01 1.95666672e+02 4.66569090e+00 9.87080288e+00
    1.75571690e+01 9.15000000e+01 2.49339437e+00 3.06301899e+01 4.
    1.95666672e+02 6. 1.62079067e+01 8.82010365e+00 2.59063482e+00
    9.15000000e+01 5. 1.16407413e+01 7. 3.45064449e+00 1.37010021e+01
    1.95666672e+02 8.83190155e+00 6.53356171e+00 1.63296115e+00
    9.15000000e+01 1.15023012e+01 5. 1.69765358e+01 3.24644208e+00
    1.74666672e+02 8.80913353e+00 6.56458664e+00 1.99999988e+00
    9.15000000e+01 5. 1.20316839e+01 2.16666672e+02 9.86736655e-01</data></vocabulary>
<bins>
  0. 9.86746669e-01 1.63297117e+00 2.00000978e+00 2.49340439e+00
  2.59064484e+00 3.11273217e+00 3.24645209e+00 3.45065451e+00
  4.00001001e+00 4.66570091e+00 5.00001001e+00 5.97809839e+00
  6.00001001e+00 6.53357172e+00 6.56459665e+00 6.97443867e+00
  7.00001001e+00 8.80914307e+00 8.82011318e+00 8.83191109e+00
  8.91255093e+00 9.87081242e+00 1.15023108e+01 1.16407509e+01
  1.20316935e+01 1.23497515e+01 1.31799822e+01 1.37010117e+01
  1.62079163e+01 1.64038219e+01 1.69765453e+01 1.75571785e+01
  2.07923107e+01 2.29303055e+01 2.65393867e+01 3.06301994e+01
  3.43067703e+01 4.86466789e+01 9.15000076e+01 1.74666687e+02
  1.95666687e+02 2.02333359e+02 2.16666687e+02 256.</bins>
</opencv_storage>
