<?xml version="1.0"?>
<opencv_storage>
<vocabulary type_id="opencv-matrix">
  <rows>50</rows>
  <cols>1</cols>
  <dt>f</dt>
  <data>
    2.11777840e+01 8.00267696e+00 4.85719070e+01 1.58672390e+01
    3.43067589e+01 1.92666672e+02 2.71255035e+01 2.47525382e+00
    1.13991184e+01 5.06383753e+00 1.32722349e+01 5.31504345e+00 7. 176.
    2.59746814e+00 4. 8.54532337e+00 1.04827747e+01 1.89739113e+01 112.
    5.39588308e+00 1.27901144e+01 176. 8.40942955e+00 1.64185917e+00
    3.45091009e+00 1.62061653e+01 7. 1.04432316e+01 112. 5.09407568e+00
    1.09014406e+01 1.78354855e+01 160. 7.38925171e+00 3.23567238e+01
    1.37454958e+01 2.41782951e+01 2.50745869e+00 9. 2. 6.56458664e+00
    112. 3. 8.80852222e+00 5. 176. 1.20317469e+01 4. 9.95818198e-01</data></vocabulary>
<bins>
  0. 9.95828211e-01 1.64186919e+00 2.00001001e+00 2.47526383e+00
  2.50746870e+00 2.59747815e+00 3.00001001e+00 3.45092010e+00
  4.00001001e+00 5.00001001e+00 5.06384754e+00 5.09408569e+00
  5.31505346e+00 5.39589310e+00 6.56459665e+00 7.00001001e+00
  7.38926172e+00 8.00268650e+00 8.40943909e+00 8.54533291e+00
  8.80853176e+00 9.00000954e+00 1.04432411e+01 1.04827843e+01
  1.09014502e+01 1.13991280e+01 1.20317564e+01 1.27901239e+01
  1.32722445e+01 1.37455053e+01 1.58672485e+01 1.62061749e+01
  1.78354950e+01 1.89739208e+01 2.11777935e+01 2.41783047e+01
  2.71255131e+01 3.23567352e+01 3.43067703e+01 4.85719185e+01
  1.12000008e+02 1.60000015e+02 1.76000015e+02 1.92666687e+02 256.</bins>
</opencv_storage>
