<?xml version="1.0"?>
<opencv_storage>
<vocabulary type_id="opencv-matrix">
  <rows>50</rows>
  <cols>1</cols>
  <dt>f</dt>
  <data>
    2.84360576e+00 2.45368404e+01 1.26982937e+01 4.12058792e+01
    5.61540031e+01 8.97040558e+00 1.81567154e+01 6.00423241e+00
    3.19952106e+01 2.06800018e+02 4. 1.30555557e+02 1.76820517e+00
    1.18035679e+01 6.50909090e+00 1.74519672e+01 8.75214863e+00 3. 223.
    5. 1.73560858e+00 8.78893375e+00 5. 2.24750000e+02 3. 6.54161501e+00
    1.61588268e+01 1.28677414e+02 4. 1.16141796e+01 3.42433286e+00
    6.54250956e+00 1.29482384e+01 1.28677414e+02 8.41205311e+00
    1.74665775e+01 2.23650009e+02 5. 1.64072728e+00 1.04460459e+01 2.
    1.28677414e+02 9.79458141e+00 5.21574354e+00 3. 9.97970581e-01
    2.23600006e+02 7.26321793e+00 1.48225346e+01 4.</data></vocabulary>
<bins>
  0. 9.97980595e-01 1.64073730e+00 1.73561859e+00 1.76821518e+00
  2.00001001e+00 2.84361577e+00 3.00001001e+00 3.42434287e+00
  4.00001001e+00 5.00001001e+00 5.21575356e+00 6.00424242e+00
  6.50910091e+00 6.54162502e+00 6.54251957e+00 7.26322794e+00
  8.41206264e+00 8.75215816e+00 8.78894329e+00 8.97041512e+00
  9.79459095e+00 1.04460554e+01 1.16141891e+01 1.18035774e+01
  1.26983032e+01 1.29482479e+01 1.48225441e+01 1.61588364e+01
  1.74519768e+01 1.74665871e+01 1.81567249e+01 2.45368500e+01
  3.19952202e+01 4.12058907e+01 5.61540146e+01 1.28677429e+02
  1.30555573e+02 2.06800034e+02 2.23000015e+02 2.23600021e+02
  2.23650024e+02 2.24750015e+02 256.</bins>
</opencv_storage>
