<?xml version="1.0"?>
<opencv_storage>
<cropSize>140</cropSize>
<clustersPerClass>20</clustersPerClass>
<totalDictSize>
  1 140</totalDictSize>
<flagType>2</flagType>
<attempts>20</attempts>
<classes>"AluBuilding BlueWood Grass SquareUnevenBlocks Tarmac UnevenBrickWall UpLibCarpet "</classes>
<Kmeans>
  <Iterations>1000000</Iterations>
  <Epsilon>9.9999999999999995e-08</Epsilon></Kmeans>
<vocabulary type_id="opencv-matrix">
  <rows>140</rows>
  <cols>1</cols>
  <dt>f</dt>
  <data>
    4. 8.21540985e+01 2.72786217e+01 9.15452194e+00 5.42252693e+01 6.
    1.68978539e+01 8.43895137e-01 5. 4.48904991e+01 9.71943588e+01
    2.19741631e+01 7. 3. 3.82873001e+01 6.73985214e+01 2. 8.
    1.23739834e+01 3.28023567e+01 5. 2.67989979e+01 1.28457441e+01 8.
    4.90982437e+01 2.23811169e+01 3. 3.73519516e+01 5.75730515e+01
    1.04647217e+01 1.88641872e+01 1.59307899e+01 3.99999976e+00
    4.28930016e+01 9. 6.85639725e+01 6. 1.62450993e+00 3.18845730e+01 7.
    6.00000048e+00 13. 2.40959358e+01 10. 1.64908867e+01 2.08334579e+01
    1.65633845e+00 7. 4. 2.84883842e+01 11. 5. 9. 3.52329788e+01
    1.84905720e+01 14. 8. 3. 12. 15. 6.53714228e+00 5.13281708e+01
    1.89011230e+01 3.47967339e+01 1.14083290e+01 7.48329620e+01
    2.53353081e+01 2.27859282e+00 4.58916855e+00 1.34272232e+01
    6.43854599e+01 8.54320526e+00 4.53990822e+01 15. 3.98682213e+01
    1.64900589e+01 5.73794556e+01 2.19130516e+01 10. 2.97828579e+01 6.
    11. 3.00000024e+00 9. 5. 1.63930073e+01 1.99999988e+00
    7.00000048e+00 8. 4. 10. 1.29999990e+01 2.20939598e+01 1. 12. 14.
    1.86123085e+01 1.50000010e+01 2.65333347e+01 0. 8.59585667e+00
    3.73948631e+01 2.05055923e+01 1.65185242e+01 3.03775349e+01
    4.17778320e+01 1.25376959e+01 4.71989594e+01 1.05559244e+01
    2.44901104e+01 3.19619608e+00 6.14258003e+01 1.45224409e+01
    6.61337042e+00 1.85119705e+01 2.69461575e+01 5. 5.32940369e+01
    3.39093285e+01 2.24906025e+01 1.34053907e+01 4. 8. 1.98264885e+01 7.
    3.46625290e+01 10. 2.63208046e+01 1.54554987e+01 1.76292336e+00 12.
    5. 2.29137211e+01 3. 6. 9. 1.73663979e+01 11. 3.03387489e+01 41.</data></vocabulary>
<bins>
  0. 9.99999975e-06 8.43905151e-01 1.00001001e+00 1.62451994e+00
  1.65634847e+00 1.76293337e+00 2.00000978e+00 2.00001001e+00
  2.27860284e+00 3.00001001e+00 3.00001025e+00 3.19620609e+00
  4.00000954e+00 4.00001001e+00 4.58917856e+00 5.00001001e+00
  6.00001001e+00 6.00001049e+00 6.53715229e+00 6.61338043e+00
  7.00001001e+00 7.00001049e+00 8.00000954e+00 8.54321480e+00
  8.59586620e+00 9.00000954e+00 9.15453148e+00 1.00000095e+01
  1.04647312e+01 1.05559340e+01 1.10000095e+01 1.14083385e+01
  1.20000095e+01 1.23739929e+01 1.25377054e+01 1.28457537e+01
  1.30000086e+01 1.30000095e+01 1.34054003e+01 1.34272327e+01
  1.40000095e+01 1.45224504e+01 1.50000095e+01 1.50000105e+01
  1.54555082e+01 1.59307995e+01 1.63930168e+01 1.64900684e+01
  1.64908962e+01 1.65185337e+01 1.68978634e+01 1.73664074e+01
  1.84905815e+01 1.85119801e+01 1.86123180e+01 1.88641968e+01
  1.89011326e+01 1.98264980e+01 2.05056019e+01 2.08334675e+01
  2.19130611e+01 2.19741726e+01 2.20939693e+01 2.23811264e+01
  2.24906120e+01 2.29137306e+01 2.40959454e+01 2.44901199e+01
  2.53353176e+01 2.63208141e+01 2.65333443e+01 2.67990074e+01
  2.69461670e+01 2.72786312e+01 2.84883938e+01 2.97828674e+01
  3.03387585e+01 3.03775444e+01 3.18845825e+01 3.28023682e+01
  3.39093399e+01 3.46625404e+01 3.47967453e+01 3.52329903e+01
  3.73519630e+01 3.73948746e+01 3.82873116e+01 3.98682327e+01
  4.10000114e+01 4.17778435e+01 4.28930130e+01 4.48905106e+01
  4.53990936e+01 4.71989708e+01 4.90982552e+01 5.13281822e+01
  5.32940483e+01 5.42252808e+01 5.73794670e+01 5.75730629e+01
  6.14258118e+01 6.43854675e+01 6.73985291e+01 6.85639801e+01
  7.48329697e+01 8.21541061e+01 9.71943665e+01 256.</bins>
</opencv_storage>
