<?xml version="1.0"?>
<opencv_storage>
<cropSize>50</cropSize>
<clustersPerClass>10</clustersPerClass>
<totalDictSize>
  1 60</totalDictSize>
<flagType>2</flagType>
<attempts>35</attempts>
<classes>"Grass Hedge RectPaving SmallBlocks tarmac unevenBricks "</classes>
<Kmeans>
  <Iterations>100000</Iterations>
  <Epsilon>9.9999999999999995e-07</Epsilon></Kmeans>
<vocabulary type_id="opencv-matrix">
  <rows>60</rows>
  <cols>1</cols>
  <dt>f</dt>
  <data>
    1.83177052e+01 8.62141895e+00 4.16257439e+01 2.70188389e+01
    1.19858284e+01 2.22920856e+01 3.34029999e+01 4.62207460e+00
    5.62264900e+01 1.49564457e+01 4.20683823e+01 9.68060207e+00
    2.38341503e+01 1.69842129e+01 5.28807926e+00 2.87774048e+01
    5.35990334e+01 1.99633236e+01 3.45239983e+01 1.35700560e+01
    2.09727135e+01 3.66443610e+00 9.94905281e+00 3.73610039e+01
    1.62868118e+01 5.09204178e+01 2.77866249e+01 7.03635979e+00
    6.94466171e+01 1.29185429e+01 1.00319481e+01 4.74156532e+01
    2.52560997e+01 1.48615866e+01 5.94084091e+01 3.80995827e+01
    5.49820614e+00 1.98671284e+01 7.47127609e+01 3.12894382e+01
    2.45248299e+01 6.13413095e+00 1.49361668e+01 1.05247412e+01
    3.10591602e+01 3.14407682e+00 2.08827858e+01 1.78816929e+01
    8.54223633e+00 1.25138826e+01 3.74418163e+00 1.43135433e+01
    4.95396423e+01 2.31027279e+01 1.03953667e+01 3.79113579e+01
    6.51918869e+01 1.82675476e+01 7.06355810e+00 2.96161461e+01</data></vocabulary>
<bins>
  0. 3.14408684e+00 3.66444612e+00 3.74419165e+00 4.62208462e+00
  5.28808928e+00 5.49821615e+00 6.13414097e+00 7.03636980e+00
  7.06356812e+00 8.54224586e+00 8.62142849e+00 9.68061161e+00
  9.94906235e+00 1.00319576e+01 1.03953762e+01 1.05247507e+01
  1.19858379e+01 1.25138922e+01 1.29185524e+01 1.35700655e+01
  1.43135529e+01 1.48615961e+01 1.49361763e+01 1.49564552e+01
  1.62868214e+01 1.69842224e+01 1.78817024e+01 1.82675571e+01
  1.83177147e+01 1.98671379e+01 1.99633331e+01 2.08827953e+01
  2.09727230e+01 2.22920952e+01 2.31027374e+01 2.38341599e+01
  2.45248394e+01 2.52561092e+01 2.70188484e+01 2.77866344e+01
  2.87774143e+01 2.96161556e+01 3.10591698e+01 3.12894478e+01
  3.34030113e+01 3.45240097e+01 3.73610153e+01 3.79113693e+01
  3.80995941e+01 4.16257553e+01 4.20683937e+01 4.74156647e+01
  4.95396538e+01 5.09204292e+01 5.35990448e+01 5.62265015e+01
  5.94084206e+01 6.51918945e+01 6.94466248e+01 7.47127686e+01 256.</bins>
</opencv_storage>
