<?xml version="1.0"?>
<opencv_storage>
<cropSize>35</cropSize>
<clustersPerClass>10</clustersPerClass>
<totalDictSize>
  1 60</totalDictSize>
<flagType>2</flagType>
<attempts>35</attempts>
<classes>"Grass Hedge RectPaving SmallBlocks tarmac unevenBricks "</classes>
<Kmeans>
  <Iterations>100000</Iterations>
  <Epsilon>9.9999999999999995e-07</Epsilon></Kmeans>
<vocabulary type_id="opencv-matrix">
  <rows>60</rows>
  <cols>1</cols>
  <dt>f</dt>
  <data>
    1.39872131e+01 2.76679726e+01 8.13599777e+00 3.35000000e+01
    1.99273491e+01 4.64499044e+00 1.10366278e+01 2.33513756e+01
    4.30262337e+01 1.69502048e+01 3.73575401e+01 1.30232382e+01
    2.62888622e+01 6.02690887e+00 1.89719524e+01 4.63362961e+01
    1.59987745e+01 3.10551872e+01 2.23138523e+01 1.00786142e+01
    2.03582478e+01 7.75623322e+00 2.50665760e+01 4.10426979e+01
    1.39582376e+01 5.76951866e+01 1.09858065e+01 3.97037435e+00
    3.17686214e+01 1.69278679e+01 8.59054470e+00 3.70628967e+01
    2.03818493e+01 4.56556015e+01 3.03699512e+01 1.64073162e+01
    4.45004606e+00 5.70332909e+01 2.48200016e+01 1.24353657e+01
    1.15005131e+01 1.73884640e+01 3.25983524e+00 2.35274963e+01
    1.54413548e+01 8.51364517e+00 1.97535458e+01 1.34627047e+01 10.
    6.20577049e+00 4.65836143e+00 2.02655315e+01 3.06364784e+01
    1.39094887e+01 4.61102142e+01 1.10186148e+01 2.46918697e+01
    8.12962055e+00 1.69223289e+01 3.74737587e+01</data></vocabulary>
<bins>
  0. 3.25984526e+00 3.97038436e+00 4.45005608e+00 4.64500046e+00
  4.65837145e+00 6.02691889e+00 6.20578051e+00 7.75624323e+00
  8.12963009e+00 8.13600731e+00 8.51365471e+00 8.59055424e+00
  1.00000095e+01 1.00786238e+01 1.09858160e+01 1.10186243e+01
  1.10366373e+01 1.15005226e+01 1.24353752e+01 1.30232477e+01
  1.34627142e+01 1.39094982e+01 1.39582472e+01 1.39872227e+01
  1.54413643e+01 1.59987841e+01 1.64073257e+01 1.69223385e+01
  1.69278774e+01 1.69502144e+01 1.73884735e+01 1.89719620e+01
  1.97535553e+01 1.99273586e+01 2.02655411e+01 2.03582573e+01
  2.03818588e+01 2.23138618e+01 2.33513851e+01 2.35275059e+01
  2.46918793e+01 2.48200111e+01 2.50665855e+01 2.62888718e+01
  2.76679821e+01 3.03699608e+01 3.06364880e+01 3.10551968e+01
  3.17686310e+01 3.35000114e+01 3.70629082e+01 3.73575516e+01
  3.74737701e+01 4.10427094e+01 4.30262451e+01 4.56556129e+01
  4.61102257e+01 4.63363075e+01 5.70333023e+01 5.76951981e+01 256.</bins>
</opencv_storage>
