<?xml version="1.0"?>
<opencv_storage>
<cropSize>70</cropSize>
<clustersPerClass>10</clustersPerClass>
<totalDictSize>
  1 80</totalDictSize>
<flagType>2</flagType>
<attempts>35</attempts>
<classes>"AluBuilding Grass PaintedWood SquareCarpet SquarePaving StoneWall Tarmac WoodFloor "</classes>
<Kmeans>
  <Iterations>100000</Iterations>
  <Epsilon>9.9999999999999995e-07</Epsilon></Kmeans>
<vocabulary type_id="opencv-matrix">
  <rows>80</rows>
  <cols>1</cols>
  <dt>f</dt>
  <data>
    9.36576939e+00 3.32781944e+01 5.16530085e+00 1.13950052e+01
    8.12888947e+01 2.14431915e+01 1.37802010e+01 7.55266809e+00
    5.06329575e+01 2.05857897e+00 7.13633776e+00 1.69144459e+01
    2.32677383e+01 1.25565710e+01 3.98775959e+00 2.74640789e+01
    1.98817234e+01 3.38170738e+01 1.45337677e+01 1.00388145e+01
    1.42397299e+01 6.13650417e+00 3.91292076e+01 1.09100485e+01
    1.81613159e+01 2.99616623e+01 2.30990086e+01 5.37813492e+01
    8.51283741e+00 3.16230202e+00 1.97724476e+01 9.02262783e+00
    5.08159943e+01 3.05447121e+01 7.05397491e+01 1.54246206e+01
    2.47210197e+01 5.46193933e+00 1.19359970e+01 3.84398689e+01
    9.62783623e+00 3.10902634e+01 1.74108639e+01 4.76586761e+01
    2.57327595e+01 5.30389500e+00 1.34631920e+01 6.27624321e+01
    2.13944645e+01 3.80150261e+01 2.58108215e+01 8.60616684e+00
    4.32026978e+01 1.64072475e+01 3.08523312e+01 2.08460045e+01
    5.43032570e+01 1.24695759e+01 4.54236221e+00 3.62223320e+01
    2.00597782e+01 6.16909838e+00 1.45058918e+01 1.05266886e+01
    8.53168201e+00 3.53279572e+01 3.18371725e+00 2.49542923e+01
    1.25140362e+01 1.68664837e+01 1.69207401e+01 4.70343494e+00
    3.60047874e+01 1.09917784e+01 2.46729527e+01 2.03213081e+01
    8.11638546e+00 4.67460861e+01 1.39492912e+01 2.96457729e+01</data></vocabulary>
<bins>
  0. 2.05858898e+00 3.16231203e+00 3.18372726e+00 3.98776960e+00
  4.54237223e+00 4.70344496e+00 5.16531086e+00 5.30390501e+00
  5.46194935e+00 6.13651419e+00 6.16910839e+00 7.13634777e+00
  7.55267811e+00 8.11639500e+00 8.51284695e+00 8.53169155e+00
  8.60617638e+00 9.02263737e+00 9.36577892e+00 9.62784576e+00
  1.00388241e+01 1.05266981e+01 1.09100580e+01 1.09917879e+01
  1.13950148e+01 1.19360065e+01 1.24695854e+01 1.25140457e+01
  1.25565805e+01 1.34632015e+01 1.37802105e+01 1.39493008e+01
  1.42397394e+01 1.45059013e+01 1.45337772e+01 1.54246302e+01
  1.64072571e+01 1.68664932e+01 1.69144554e+01 1.69207497e+01
  1.74108734e+01 1.81613255e+01 1.97724571e+01 1.98817329e+01
  2.00597878e+01 2.03213177e+01 2.08460140e+01 2.13944740e+01
  2.14432011e+01 2.30990181e+01 2.32677479e+01 2.46729622e+01
  2.47210293e+01 2.49543018e+01 2.57327690e+01 2.58108311e+01
  2.74640884e+01 2.96457825e+01 2.99616718e+01 3.05447216e+01
  3.08523407e+01 3.10902729e+01 3.32782059e+01 3.38170853e+01
  3.53279686e+01 3.60047989e+01 3.62223434e+01 3.80150375e+01
  3.84398804e+01 3.91292191e+01 4.32027092e+01 4.67460976e+01
  4.76586876e+01 5.06329689e+01 5.08160057e+01 5.37813606e+01
  5.43032684e+01 6.27624435e+01 7.05397568e+01 8.12889023e+01 256.</bins>
</opencv_storage>
