<?xml version="1.0"?>
<opencv_storage>
<cropSize>100</cropSize>
<clustersPerClass>10</clustersPerClass>
<totalDictSize>
  1 40</totalDictSize>
<flagType>2</flagType>
<attempts>5</attempts>
<classes>"Grass LargeSquareEvenBlocks T07 UnevenLinearBricks "</classes>
<Kmeans>
  <Iterations>1000</Iterations>
  <Epsilon>1.0000000000000000e-04</Epsilon></Kmeans>
<vocabulary type_id="opencv-matrix">
  <rows>40</rows>
  <cols>1</cols>
  <dt>f</dt>
  <data>
    2.53407993e+01 8.61488914e+00 1.49675789e+01 3.54260216e+01
    2.13883762e+01 4.53462839e+00 1.79278221e+01 2.96637745e+01
    1.20051746e+01 4.51802330e+01 6.15147114e+00 1.58731260e+01
    3.28554878e+01 1.09425583e+01 3.10285401e+00 2.41472321e+01
    4.54243279e+01 1.92886353e+01 8.53170395e+00 1.34494381e+01
    7.67288876e+00 2.31536999e+01 4.69846382e+01 1.43486681e+01
    2.95613766e+01 1.09849005e+01 6.08382492e+01 1.83434238e+01
    3.94846344e+00 3.73168564e+01 1.34268789e+01 3.93516846e+01
    2.34072571e+01 8.09136200e+00 6.29392815e+01 1.77303505e+01
    3.08707867e+01 4.65002155e+00 1.05465755e+01 4.96573792e+01</data></vocabulary>
<bins>
  0. 3.10286403e+00 3.94847345e+00 4.53463840e+00 4.65003157e+00
  6.15148115e+00 7.67289877e+00 8.09137154e+00 8.53171349e+00
  8.61489868e+00 1.05465851e+01 1.09425678e+01 1.09849100e+01
  1.20051842e+01 1.34268885e+01 1.34494476e+01 1.43486776e+01
  1.49675884e+01 1.58731356e+01 1.77303600e+01 1.79278316e+01
  1.83434334e+01 1.92886448e+01 2.13883858e+01 2.31537094e+01
  2.34072666e+01 2.41472416e+01 2.53408089e+01 2.95613861e+01
  2.96637840e+01 3.08707962e+01 3.28554993e+01 3.54260330e+01
  3.73168678e+01 3.93516960e+01 4.51802444e+01 4.54243393e+01
  4.69846497e+01 4.96573906e+01 6.08382607e+01 6.29392929e+01 256.</bins>
</opencv_storage>
