<?xml version="1.0"?>
<opencv_storage>
<cropSize>140</cropSize>
<clustersPerClass>10</clustersPerClass>
<totalDictSize>
  1 80</totalDictSize>
<flagType>2</flagType>
<attempts>35</attempts>
<classes>"AluBuilding Grass PaintedWood SquareCarpet SquarePaving StoneWall Tarmac WoodFloor "</classes>
<Kmeans>
  <Iterations>100000</Iterations>
  <Epsilon>9.9999999999999995e-07</Epsilon></Kmeans>
<vocabulary type_id="opencv-matrix">
  <rows>80</rows>
  <cols>1</cols>
  <dt>f</dt>
  <data>
    5.38294411e+00 3.98064194e+01 6.05282364e+01 1.57228458e+00
    1.63612556e+01 8.37550449e+00 3.65337729e+00 8.98341599e+01
    2.64487419e+01 7. 1.10324945e+01 2.22400742e+01 1.59652643e+01
    3.88418312e+01 4.55305004e+00 3.09541817e+01 2.62239132e+01
    1.89214001e+01 1.34501610e+01 8.13037300e+00 1.11974840e+01
    5.05106688e+00 4.11249580e+01 2.98296356e+01 5.32753525e+01
    2.13560562e+01 7.95096493e+00 6.72892838e+01 2.29321408e+00
    1.57079296e+01 1.53472328e+01 3.01600361e+00 3.49776115e+01
    8.93248272e+00 2.58255768e+01 6.70147705e+01 6.01730299e+00
    4.77797356e+01 1.96879349e+01 1.18577785e+01 1.09608030e+01
    3.65790749e+01 2.20678043e+01 6.08498039e+01 4.61332178e+00
    1.73326416e+01 2.84756908e+01 4.66793289e+01 8.07942486e+00
    1.39146185e+01 2.38024101e+01 1.24182024e+01 4.39075279e+01
    8.61549473e+00 3.50187263e+01 1.94164467e+01 4.68207836e+00
    5.65540962e+01 1.59600706e+01 2.87845745e+01 1.05176640e+01
    6.15120220e+00 2.00960598e+01 2.48800621e+01 1.44894476e+01
    8.53518105e+00 3.16274953e+00 1.25043402e+01 1.68327007e+01
    3.36455688e+01 7.07442045e+00 2.84194736e+01 1.63276691e+01
    9.97831726e+00 3.65842743e+01 2.33157558e+01 4.97101593e+01
    3.87449932e+00 1.29214745e+01 1.99059010e+01</data></vocabulary>
<bins>
  0. 1.57229459e+00 2.29322410e+00 3.01601362e+00 3.16275954e+00
  3.65338731e+00 3.87450933e+00 4.55306005e+00 4.61333179e+00
  4.68208838e+00 5.05107689e+00 5.38295412e+00 6.01731300e+00
  6.15121222e+00 7.00001001e+00 7.07443047e+00 7.95097494e+00
  8.07943439e+00 8.13038254e+00 8.37551403e+00 8.53519058e+00
  8.61550426e+00 8.93249226e+00 9.97832680e+00 1.05176735e+01
  1.09608126e+01 1.10325041e+01 1.11974936e+01 1.18577881e+01
  1.24182119e+01 1.25043497e+01 1.29214840e+01 1.34501705e+01
  1.39146280e+01 1.44894571e+01 1.53472424e+01 1.57079391e+01
  1.59600801e+01 1.59652739e+01 1.63276787e+01 1.63612652e+01
  1.68327103e+01 1.73326511e+01 1.89214096e+01 1.94164562e+01
  1.96879444e+01 1.99059105e+01 2.00960693e+01 2.13560658e+01
  2.20678139e+01 2.22400837e+01 2.33157654e+01 2.38024197e+01
  2.48800716e+01 2.58255863e+01 2.62239227e+01 2.64487514e+01
  2.84194832e+01 2.84757004e+01 2.87845840e+01 2.98296452e+01
  3.09541912e+01 3.36455803e+01 3.49776230e+01 3.50187378e+01
  3.65790863e+01 3.65842857e+01 3.88418427e+01 3.98064308e+01
  4.11249695e+01 4.39075394e+01 4.66793404e+01 4.77797470e+01
  4.97101707e+01 5.32753639e+01 5.65541077e+01 6.05282478e+01
  6.08498154e+01 6.70147781e+01 6.72892914e+01 8.98341675e+01 256.</bins>
</opencv_storage>
