<?xml version="1.0"?>
<opencv_storage>
<vocabulary type_id="opencv-matrix">
  <rows>30</rows>
  <cols>1</cols>
  <dt>f</dt>
  <data>
    1.02814455e+01 3.05381794e+01 1.86107216e+01 5.08886719e+01
    7.17847366e+01 4.01417303e+00 3.86195030e+01 1.43666687e+01
    2.41731586e+01 7.08545351e+00 1.05287724e+01 2.61778011e+01
    3.26388741e+01 6.25992393e+01 1.74596252e+01 3.99055405e+01
    6.11272383e+00 2.14412365e+01 1.39827595e+01 4.88541985e+01
    2.04160175e+01 5.88812351e+00 4.03967590e+01 2.83443089e+01
    1.05770187e+01 1.40204372e+01 5.37582855e+01 2.43501205e+01
    1.69350624e+01 3.31175957e+01</data></vocabulary>
<bins>
  0. 4.01418304e+00 5.88813353e+00 6.11273384e+00 7.08546352e+00
  1.02814550e+01 1.05287819e+01 1.05770283e+01 1.39827690e+01
  1.40204468e+01 1.43666782e+01 1.69350719e+01 1.74596348e+01
  1.86107311e+01 2.04160271e+01 2.14412460e+01 2.41731682e+01
  2.43501301e+01 2.61778107e+01 2.83443184e+01 3.05381889e+01
  3.26388855e+01 3.31176071e+01 3.86195145e+01 3.99055519e+01
  4.03967705e+01 4.88542099e+01 5.08886833e+01 5.37582970e+01
  6.25992508e+01 7.17847443e+01 256.</bins>
</opencv_storage>
