<?xml version="1.0"?>
<opencv_storage>
<cropSize>225</cropSize>
<clustersPerClass>40</clustersPerClass>
<totalDictSize>
  1 200</totalDictSize>
<flagType>2</flagType>
<attempts>5</attempts>
<classes>"BlackTarmac Grass LargeSquareEvenBlocks LinearBlocksBAD UnevenLinearBlocks "</classes>
<Kmeans>
  <Iterations>1000</Iterations>
  <Epsilon>1.0000000000000000e-04</Epsilon></Kmeans>
<vocabulary type_id="opencv-matrix">
  <rows>200</rows>
  <cols>1</cols>
  <dt>f</dt>
  <data>
    2. 12. 20. 6.99999952e+00 15. 2.69999981e+01 5. 11. 9. 17.
    3.65164337e+01 13. 23. 10. 8. 2.90000019e+01 6. 18. 14. 3. 16. 50.
    19. 4. 32. 24. 21. 22. 9.84440386e-01 26. 25. 59. 3.44716568e+01
    3.83909798e+01 28. 4.10769234e+01 30. 31. 4.53095245e+01 33.
    3.65079079e+01 17. 10. 27. 5. 13. 21. 31. 24. 4.52585793e+01 19. 7.
    32. 15. 3. 9. 11. 16. 14. 22. 20. 29. 3.44757080e+01 18. 8. 12. 25.
    6.50681839e+01 6. 4.18293266e+01 23. 4. 5.55044250e+01 26.
    1.74346375e+00 30. 4.96253357e+01 28. 33. 3.88817177e+01 10. 15.
    2.94483452e+01 6. 19. 4.58322449e+01 3. 7. 2.50000019e+01 12.
    3.78601494e+01 21. 23. 1.40000010e+01 4.99999952e+00 17. 9. 8. 11.
    5.22801933e+01 13. 3.34638062e+01 16. 2. 2.79999981e+01 20. 4.
    5.63675232e+01 18. 4.09644279e+01 22. 4.88744202e+01 9.62025344e-01
    24. 3.54851341e+01 4.34818726e+01 3.14888382e+01 26. 27.
    6.26923065e+01 13. 5.33947105e+01 2.49431152e+01 5. 3.89157677e+01
    7.09353256e+01 10. 1.74166069e+01 21. 2.95097294e+01 8.
    4.99680939e+01 8.23952408e+01 3. 6.14952316e+01 3.39421463e+01
    4.39319420e+01 9. 7. 14. 19. 2.74819984e+01 7.62018738e+01 12. 11.
    6. 16. 3.15100479e+01 5.73900108e+01 2.20000019e+01 1.73541784e+00
    3.65309982e+01 4. 6.59290237e+01 15. 9.01666641e+01 4.14560280e+01
    4.69747620e+01 23. 20. 12. 3.14954033e+01 19. 5. 5.86113663e+01
    4.49269218e+01 1.50000010e+01 10. 22. 3.74923782e+01 7.
    2.74651318e+01 17. 5.09864769e+01 11. 2.74145436e+00 9.
    3.54868584e+01 23. 4.19221840e+01 8. 13. 24. 20. 14. 16.
    3.35038528e+01 6.00000048e+00 18. 21. 4.79191895e+01 4.
    5.43254318e+01 3.94926529e+01 6.58983078e+01 29. 26. 25.
    9.89119649e-01 30.</data></vocabulary>
<bins>
  0. 9.62035358e-01 9.84450400e-01 9.89129663e-01 1.73542786e+00
  1.74347377e+00 2.00001001e+00 2.74146438e+00 3.00001001e+00
  4.00001001e+00 5.00000954e+00 5.00001001e+00 6.00001001e+00
  6.00001049e+00 7.00000954e+00 7.00001001e+00 8.00000954e+00
  9.00000954e+00 1.00000095e+01 1.10000095e+01 1.20000095e+01
  1.30000095e+01 1.40000095e+01 1.40000105e+01 1.50000095e+01
  1.50000105e+01 1.60000095e+01 1.70000095e+01 1.74166164e+01
  1.80000095e+01 1.90000095e+01 2.00000095e+01 2.10000095e+01
  2.20000095e+01 2.20000114e+01 2.30000095e+01 2.40000095e+01
  2.49431248e+01 2.50000095e+01 2.50000114e+01 2.60000095e+01
  2.70000076e+01 2.70000095e+01 2.74651413e+01 2.74820080e+01
  2.80000076e+01 2.80000095e+01 2.90000095e+01 2.90000114e+01
  2.94483547e+01 2.95097389e+01 3.00000095e+01 3.10000095e+01
  3.14888477e+01 3.14954128e+01 3.15100574e+01 3.20000114e+01
  3.30000114e+01 3.34638176e+01 3.35038643e+01 3.39421577e+01
  3.44716682e+01 3.44757195e+01 3.54851456e+01 3.54868698e+01
  3.65079193e+01 3.65164452e+01 3.65310097e+01 3.74923897e+01
  3.78601608e+01 3.83909912e+01 3.88817291e+01 3.89157791e+01
  3.94926643e+01 4.09644394e+01 4.10769348e+01 4.14560394e+01
  4.18293381e+01 4.19221954e+01 4.34818840e+01 4.39319534e+01
  4.49269333e+01 4.52585907e+01 4.53095360e+01 4.58322563e+01
  4.69747734e+01 4.79192009e+01 4.88744316e+01 4.96253471e+01
  4.99681053e+01 5.00000114e+01 5.09864883e+01 5.22802048e+01
  5.33947220e+01 5.43254433e+01 5.55044365e+01 5.63675346e+01
  5.73900223e+01 5.86113777e+01 5.90000114e+01 6.14952431e+01
  6.26923180e+01 6.50681915e+01 6.58983154e+01 6.59290314e+01
  7.09353333e+01 7.62018814e+01 8.23952484e+01 9.01666718e+01 256.</bins>
</opencv_storage>
