<?xml version="1.0"?>
<opencv_storage>
<vocabulary type_id="opencv-matrix">
  <rows>50</rows>
  <cols>1</cols>
  <dt>f</dt>
  <data>
    3.46623850e+00 1.47989559e+01 4.25904083e+01 2.45368404e+01
    1.03226814e+01 1.95600006e+02 3.24053993e+01 5.80342445e+01
    1.93817425e+01 6.99111605e+00 4. 9.76531696e+00 1.81300003e+02
    1.76820517e+00 1.50346088e+01 6. 3. 5. 9.48484879e+01 7.25798941e+00
    1.73560858e+00 6.54161501e+00 1.81428574e+02 5. 1.18258133e+01 4.
    8.78893375e+00 9.83636398e+01 1.70567608e+01 3. 1.38744202e+01
    3.42433286e+00 8.41205311e+00 2.10199997e+02 1.64072728e+00
    1.08589926e+01 6.54250956e+00 1.27117645e+02 1.83716221e+01 5.
    9.97970581e-01 2.10199997e+02 5. 2. 1.05497017e+01 1.29718750e+02 4.
    3. 6.76515579e+00 61.</data></vocabulary>
<bins>
  0. 9.97980595e-01 1.64073730e+00 1.73561859e+00 1.76821518e+00
  2.00001001e+00 3.00001001e+00 3.42434287e+00 3.46624851e+00
  4.00001001e+00 5.00001001e+00 6.00001001e+00 6.54162502e+00
  6.54251957e+00 6.76516581e+00 6.99112606e+00 7.25799942e+00
  8.41206264e+00 8.78894329e+00 9.76532650e+00 1.03226910e+01
  1.05497112e+01 1.08590021e+01 1.18258228e+01 1.38744297e+01
  1.47989655e+01 1.50346184e+01 1.70567703e+01 1.83716316e+01
  1.93817520e+01 2.45368500e+01 3.24054108e+01 4.25904198e+01
  5.80342560e+01 6.10000114e+01 9.48484955e+01 9.83636475e+01
  1.27117653e+02 1.29718765e+02 1.81300018e+02 1.81428589e+02
  1.95600021e+02 2.10200012e+02 256.</bins>
</opencv_storage>
