<?xml version="1.0"?>
<opencv_storage>
<cropSize>140</cropSize>
<clustersPerClass>20</clustersPerClass>
<totalDictSize>
  1 160</totalDictSize>
<flagType>2</flagType>
<attempts>20</attempts>
<classes>"AluBuilding BlueWood Grass SquareUnevenBlocks Tarmac UnevenBrickWall UpLibCarpet WoodFloor "</classes>
<Kmeans>
  <Iterations>1000000</Iterations>
  <Epsilon>9.9999999999999995e-08</Epsilon></Kmeans>
<vocabulary type_id="opencv-matrix">
  <rows>160</rows>
  <cols>1</cols>
  <dt>f</dt>
  <data>
    6. 4.35943756e+01 8.32778513e-01 8.48369980e+01 1.64527206e+01 4. 8.
    2.48269234e+01 5.50974121e+01 5. 3.58885193e+01 7. 3. 1.99999988e+00
    9.10252285e+00 9.92677765e+01 6.97099075e+01 2.98157310e+01
    2.05036240e+01 1.23733397e+01 4. 3.73493195e+01 1.13947563e+01
    2.27873688e+01 7.44024229e+00 1.88672714e+01 5.81779747e+01
    1.62653136e+00 3.18644104e+01 9. 5. 1.34448528e+01 4.38025589e+01
    2.73508854e+01 5.06791573e+01 6. 3. 6.86754532e+01 10.
    1.59352627e+01 8. 1.64738274e+01 4. 10. 13. 2.42340260e+01 7.
    1.84827423e+01 9. 1.64736485e+00 5. 11. 12. 2.08004055e+01 6.
    3.70833321e+01 3. 1.50000010e+01 1.40000010e+01 2.97850552e+01
    2.77814884e+01 10. 6.17619438e+01 4.59706926e+00 1.78734169e+01
    3.72822342e+01 7.47173023e+00 2.39085178e+01 4.78816643e+01
    1.14125042e+01 1.34263458e+01 2.31207228e+00 1.54530296e+01
    7.29806213e+01 4.28376617e+01 5.37661476e+01 9. 2.09382286e+01
    3.24110489e+01 6.00000048e+00 7. 11. 2.99999976e+00 1.73462887e+01
    5. 7.99999952e+00 13. 6.00000048e+00 2.32812500e+01 9. 10. 14. 4. 2.
    15. 12. 1.96860771e+01 9.34094071e-01 16. 2.93153839e+01
    2.09504318e+01 1.05526762e+01 3.97656021e+01 2.79154606e+01
    7.10112143e+00 1.65149460e+01 3.53691902e+01 5.14851112e+01
    1.45192490e+01 4.65901184e+00 2.34551353e+01 1.25370693e+01
    1.85103226e+01 2.54603615e+01 9. 3.04596119e+01 2.44573808e+00
    3.24708557e+01 4.51267166e+01 5.92173615e+01 4. 12. 3.51617737e+01
    6. 1.44460974e+01 9. 1.88322411e+01 3. 5. 2.53042679e+01 7.
    2.97481976e+01 1.76270223e+00 8. 10. 4.20905914e+01 1.29999990e+01
    11. 1.65007076e+01 2.18740215e+01 6.54996252e+00 2.49266090e+01
    1.34386034e+01 4.83781967e+01 1.78930569e+01 10. 3.56976280e+01
    4.60804415e+00 2.78897552e+01 2.24831123e+01 12. 1.54525766e+01
    3.13395729e+01 2.43236661e+00 4.10957451e+01 5.89968643e+01
    2.05002766e+01 9. 8. 11.</data></vocabulary>
<bins>
  0. 8.32788527e-01 9.34104085e-01 1.62654138e+00 1.64737487e+00
  1.76271224e+00 2.00000978e+00 2.00001001e+00 2.31208229e+00
  2.43237662e+00 2.44574809e+00 3.00000978e+00 3.00001001e+00
  4.00001001e+00 4.59707928e+00 4.60805416e+00 4.65902185e+00
  5.00001001e+00 6.00001001e+00 6.00001049e+00 6.54997253e+00
  7.00001001e+00 7.10113144e+00 7.44025230e+00 7.47174025e+00
  8.00000954e+00 9.00000954e+00 9.10253239e+00 1.00000095e+01
  1.05526857e+01 1.10000095e+01 1.13947659e+01 1.14125137e+01
  1.20000095e+01 1.23733492e+01 1.25370789e+01 1.30000086e+01
  1.30000095e+01 1.34263554e+01 1.34386129e+01 1.34448624e+01
  1.40000095e+01 1.40000105e+01 1.44461069e+01 1.45192585e+01
  1.50000095e+01 1.50000105e+01 1.54525862e+01 1.54530392e+01
  1.59352722e+01 1.60000095e+01 1.64527302e+01 1.64738369e+01
  1.65007172e+01 1.65149555e+01 1.73462982e+01 1.78734264e+01
  1.78930664e+01 1.84827518e+01 1.85103321e+01 1.88322506e+01
  1.88672810e+01 1.96860867e+01 2.05002861e+01 2.05036335e+01
  2.08004150e+01 2.09382381e+01 2.09504414e+01 2.18740311e+01
  2.24831219e+01 2.27873783e+01 2.32812595e+01 2.34551449e+01
  2.39085274e+01 2.42340355e+01 2.48269329e+01 2.49266186e+01
  2.53042774e+01 2.54603710e+01 2.73508949e+01 2.77814980e+01
  2.78897648e+01 2.79154701e+01 2.93153934e+01 2.97482071e+01
  2.97850647e+01 2.98157406e+01 3.04596214e+01 3.13395824e+01
  3.18644199e+01 3.24110603e+01 3.24708672e+01 3.51617851e+01
  3.53692017e+01 3.56976395e+01 3.58885307e+01 3.70833435e+01
  3.72822456e+01 3.73493309e+01 3.97656136e+01 4.10957565e+01
  4.20906029e+01 4.28376732e+01 4.35943871e+01 4.38025703e+01
  4.51267281e+01 4.78816757e+01 4.83782082e+01 5.06791687e+01
  5.14851227e+01 5.37661591e+01 5.50974236e+01 5.81779861e+01
  5.89968758e+01 5.92173729e+01 6.17619553e+01 6.86754608e+01
  6.97099152e+01 7.29806290e+01 8.48370056e+01 9.92677841e+01 256.</bins>
</opencv_storage>
