<?xml version="1.0"?>
<opencv_storage>
<vocabulary type_id="opencv-matrix">
  <rows>50</rows>
  <cols>1</cols>
  <dt>f</dt>
  <data>
    1.03226814e+01 2.06064415e+01 3.63388977e+01 4.65655899e+01
    1.47989559e+01 3.46623850e+00 202. 2.79707680e+01 6.99111605e+00
    6.15908127e+01 4. 6.50907946e+00 1.33310349e+02 1.76813722e+00
    1.09920120e+01 2.27846161e+02 2.99999976e+00 5. 8.52599621e+00
    1.63171997e+01 3.39970613e+00 1.16141796e+01 1.30137924e+02
    7.27953720e+00 1.73546124e+00 211. 9.26376247e+00 2.02133160e+01
    5.30525732e+00 1.50581121e+01 6.54248953e+00 1.64072728e+00
    1.92364006e+01 1.28677414e+02 1.18479843e+01 3.42433286e+00
    1.50387793e+01 5. 8.83512020e+00 2.10199997e+02 9.97970581e-01 3.
    1.28677414e+02 1.00056105e+01 5.21580362e+00 2. 2.10199997e+02
    7.26321793e+00 1.59988871e+01 4.</data></vocabulary>
<bins>
  0. 9.97980595e-01 1.64073730e+00 1.73547125e+00 1.76814723e+00
  2.00001001e+00 3.00000978e+00 3.00001001e+00 3.39971614e+00
  3.42434287e+00 3.46624851e+00 4.00001001e+00 5.00001001e+00
  5.21581364e+00 5.30526733e+00 6.50908947e+00 6.54249954e+00
  6.99112606e+00 7.26322794e+00 7.27954721e+00 8.52600574e+00
  8.83512974e+00 9.26377201e+00 1.00056200e+01 1.03226910e+01
  1.09920216e+01 1.16141891e+01 1.18479939e+01 1.47989655e+01
  1.50387888e+01 1.50581217e+01 1.59988966e+01 1.63172092e+01
  1.92364101e+01 2.02133255e+01 2.06064510e+01 2.79707775e+01
  3.63389091e+01 4.65656013e+01 6.15908241e+01 1.28677429e+02
  1.30137939e+02 1.33310364e+02 2.02000015e+02 2.10200012e+02
  2.11000015e+02 2.27846176e+02 256.</bins>
</opencv_storage>
