<?xml version="1.0"?>
<opencv_storage>
<cropSize>113</cropSize>
<clustersPerClass>10</clustersPerClass>
<totalDictSize>
  1 60</totalDictSize>
<flagType>2</flagType>
<attempts>35</attempts>
<classes>"Grass Hedge RectPaving SmallBlocks tarmac unevenBricks "</classes>
<Kmeans>
  <Iterations>100000</Iterations>
  <Epsilon>9.9999999999999995e-07</Epsilon></Kmeans>
<vocabulary type_id="opencv-matrix">
  <rows>60</rows>
  <cols>1</cols>
  <dt>f</dt>
  <data>
    4.71077967e+00 2.46728458e+01 1.39575109e+01 5.41376038e+01
    3.07061577e+01 8.09737682e+00 2.03119087e+01 1.09942417e+01
    1.69358196e+01 3.94067650e+01 1.75007286e+01 3.51089363e+01
    9.30910587e+00 5.34492836e+01 2.53990421e+01 4.57682419e+00
    1.35853729e+01 4.20572395e+01 2.97919903e+01 2.14572773e+01
    2.93391609e+00 2.67119350e+01 1.22967720e+01 4.84569397e+01
    2.06412601e+01 8.98939991e+00 1.63029213e+01 3.61349144e+01
    6.75362015e+01 6.10706854e+00 1.00430260e+01 5.85363274e+01
    2.56629047e+01 4.00846596e+01 1.48560581e+01 1.98684826e+01
    7.30362167e+01 5.53725576e+00 4.86273384e+01 3.27219849e+01
    1.59287004e+01 6.15300560e+00 1.29584608e+01 2.18539429e+01
    8.54691982e+00 3.18860703e+01 1.05255594e+01 1.88841324e+01
    3.20298338e+00 2.55726528e+01 1.57510347e+01 4.24239693e+01
    1.14167242e+01 2.62038879e+01 4.56451082e+00 5.40884399e+01
    8.07512188e+00 2.07364254e+01 6.86089096e+01 3.30377235e+01</data></vocabulary>
<bins>
  0. 2.93392611e+00 3.20299339e+00 4.56452084e+00 4.57683420e+00
  4.71078968e+00 5.53726578e+00 6.10707855e+00 6.15301561e+00
  8.07513142e+00 8.09738636e+00 8.54692936e+00 8.98940945e+00
  9.30911541e+00 1.00430355e+01 1.05255690e+01 1.09942513e+01
  1.14167337e+01 1.22967815e+01 1.29584703e+01 1.35853825e+01
  1.39575205e+01 1.48560677e+01 1.57510443e+01 1.59287100e+01
  1.63029308e+01 1.69358292e+01 1.75007381e+01 1.88841419e+01
  1.98684921e+01 2.03119183e+01 2.06412697e+01 2.07364349e+01
  2.14572868e+01 2.18539524e+01 2.46728554e+01 2.53990517e+01
  2.55726624e+01 2.56629143e+01 2.62038975e+01 2.67119446e+01
  2.97919998e+01 3.07061672e+01 3.18860798e+01 3.27219963e+01
  3.30377350e+01 3.51089478e+01 3.61349258e+01 3.94067764e+01
  4.00846710e+01 4.20572510e+01 4.24239807e+01 4.84569511e+01
  4.86273499e+01 5.34492950e+01 5.40884514e+01 5.41376152e+01
  5.85363388e+01 6.75362091e+01 6.86089172e+01 7.30362244e+01 256.</bins>
</opencv_storage>
