<?xml version="1.0"?>
<opencv_storage>
<vocabulary type_id="opencv-matrix">
  <rows>200</rows>
  <cols>1</cols>
  <dt>f</dt>
  <data>
    2. 156. 9.95841742e-01 1.91500000e+02 95. 3. 3.95000000e+01 238.
    4.40240240e+00 116. 2. 156. 3. 1.09333336e+02 1.88666672e+02 1.
    3.95000000e+01 4.19593620e+00 7.02469158e+00 0. 9.96289194e-01
    1.88666672e+02 2. 104. 3. 3.95000000e+01 120. 7. 156. 4.18892479e+00
    2. 1.88666672e+02 116. 2.99999976e+00 9.95449841e-01 3.95000000e+01
    4.21399593e+00 96. 156. 6.79729748e+00 9.43393111e-01 156. 2. 88. 3.
    5.40990114e+00 47. 1.88666672e+02 4. 116. 8.92854691e+00
    3.35058365e+01 1.57018661e+01 3.15499258e+00 2.14396286e+01 152.
    6.02948570e+00 2.74267330e+01 1.18901806e+01 4.10749512e+01
    1.26150942e+01 3.81423912e+01 3.13259935e+00 2.09499130e+01
    6.05045462e+00 3.06267738e+01 152. 2.49286880e+01 8.93408394e+00
    1.74024086e+01 7.01136160e+00 2.78007202e+01 4.30059929e+01
    1.31965885e+01 152. 4.10188293e+00 2.19686279e+01 9.84584332e+00
    3.46461525e+01 1.73679752e+01 6.01554251e+00 3.32852173e+01
    1.99513092e+01 1.12637281e+01 4.14944305e+01 3.11395121e+00 152.
    2.58971710e+01 1.53366613e+01 8.50167942e+00 2.40228825e+01
    7.79176235e+00 1.42940807e+01 1.80500000e+02 5.08062649e+00
    3.01349964e+01 114. 1.90292206e+01 2.54630613e+00 1.07952795e+01
    1.13748016e+01 4.74478674e+00 1.80500000e+02 1.38938951e+00
    9.53622913e+00 106. 7.58967018e+00 3. 1.37005014e+01 6.
    1.03958378e+01 3.43081141e+00 106. 6.32754993e+00 2. 1.80500000e+02
    8.47009945e+00 1.26287251e+01 5. 9.94313240e-01 2.53060174e+00
    8.40997219e+00 106. 6.36469603e+00 1.16592903e+01 1.80500000e+02
    4.73441267e+00 9.93470609e-01 10. 1.54608297e+01 9.50738049e+00
    2.53096199e+00 106. 7.61685753e+00 4.72724724e+00 1.14560680e+01
    9.93029475e-01 1.38636580e+01 6.00000048e+00 1.80500000e+02
    1.04483433e+01 4.74029016e+00 1.80500000e+02 1.42518127e+00
    8.48210239e+00 1.63907566e+01 109. 6.36361027e+00 1.24464502e+01 3.
    9.98303533e-01 116. 2. 1.88666672e+02 5.03910589e+00 3.95000000e+01
    3. 4. 156. 95. 2. 199. 116. 9.98251736e-01 3.00000024e+00
    3.95000000e+01 4.11272907e+00 156. 1.83500000e+02 95. 2.
    1.88666672e+02 9.98181224e-01 3. 95. 3.95000000e+01 4. 156. 116.
    5.02364874e+00 3. 1.88666672e+02 9.98242438e-01 116. 2.
    3.95000000e+01 5.03589773e+00 3.99999976e+00 156. 95. 2.
    1.88666672e+02 9.98346925e-01 3.99999976e+00 116. 3. 3.95000000e+01
    95. 156. 5.02433634e+00</data></vocabulary>
<bins>
  0. 9.99999975e-06 9.43403125e-01 9.93039489e-01 9.93480623e-01
  9.94323254e-01 9.95459855e-01 9.95851755e-01 9.96299207e-01
  9.98191237e-01 9.98252451e-01 9.98261750e-01 9.98313546e-01
  9.98356938e-01 1.00001001e+00 1.38939953e+00 1.42519128e+00
  2.00001001e+00 2.53061175e+00 2.53097200e+00 2.54631615e+00
  3.00000978e+00 3.00001001e+00 3.00001025e+00 3.11396122e+00
  3.13260937e+00 3.15500259e+00 3.43082142e+00 4.00000954e+00
  4.00001001e+00 4.10189295e+00 4.11273909e+00 4.18893480e+00
  4.19594622e+00 4.21400595e+00 4.40241241e+00 4.72725725e+00
  4.73442268e+00 4.74030018e+00 4.74479675e+00 5.00001001e+00
  5.02365875e+00 5.02434635e+00 5.03590775e+00 5.03911591e+00
  5.08063650e+00 5.40991116e+00 6.00001001e+00 6.00001049e+00
  6.01555252e+00 6.02949572e+00 6.05046463e+00 6.32755995e+00
  6.36362028e+00 6.36470604e+00 6.79730749e+00 7.00001001e+00
  7.01137161e+00 7.02470160e+00 7.58968019e+00 7.61686754e+00
  7.79177237e+00 8.40998173e+00 8.47010899e+00 8.48211193e+00
  8.50168896e+00 8.92855644e+00 8.93409348e+00 9.50739002e+00
  9.53623867e+00 9.84585285e+00 1.00000095e+01 1.03958473e+01
  1.04483528e+01 1.07952890e+01 1.12637377e+01 1.13748112e+01
  1.14560776e+01 1.16592999e+01 1.18901901e+01 1.24464598e+01
  1.26151037e+01 1.26287346e+01 1.31965981e+01 1.37005110e+01
  1.38636675e+01 1.42940903e+01 1.53366709e+01 1.54608393e+01
  1.57018757e+01 1.63907661e+01 1.73679848e+01 1.74024181e+01
  1.90292301e+01 1.99513187e+01 2.09499226e+01 2.14396381e+01
  2.19686375e+01 2.40228920e+01 2.49286976e+01 2.58971806e+01
  2.74267426e+01 2.78007298e+01 3.01350060e+01 3.06267834e+01
  3.32852287e+01 3.35058479e+01 3.46461639e+01 3.81424026e+01
  3.95000114e+01 4.10749626e+01 4.14944420e+01 4.30060043e+01
  4.70000114e+01 8.80000076e+01 9.50000076e+01 9.60000076e+01
  1.04000008e+02 1.06000008e+02 1.09000008e+02 1.09333344e+02
  1.14000008e+02 1.16000008e+02 1.20000008e+02 1.52000015e+02
  1.56000015e+02 1.80500015e+02 1.83500015e+02 1.88666687e+02
  1.91500015e+02 1.99000015e+02 2.38000015e+02 256.</bins>
</opencv_storage>
