<?xml version="1.0"?>
<opencv_storage>
<vocabulary type_id="opencv-matrix">
  <rows>200</rows>
  <cols>1</cols>
  <dt>f</dt>
  <data>
    7.58891153e+00 2.63548927e+01 1.64548092e+01 3.19476261e+01
    4.36391983e+01 1.19463644e+01 1.99666672e+02 2.09243355e+01
    3.69371390e+00 3.70044670e+01 1.04178352e+01 2.78930550e+01
    6.47188234e+00 3.26891212e+01 1.95943394e+01 1.65250000e+02
    2.35301971e+01 2.93679380e+00 1.50439386e+01 3.83422012e+01
    2.69933052e+01 4.01232624e+00 1.70064621e+01 3.69872055e+01
    3.18702183e+01 8.47525024e+00 1.65250000e+02 2.20699100e+01
    4.51701698e+01 1.24473505e+01 1.60230789e+01 3.03270359e+01
    7.59388256e+00 2.10489902e+01 2.59658432e+01 3.41500206e+01
    1.65250000e+02 3.60142255e+00 1.15087032e+01 3.97673149e+01
    1.54931164e+01 3.24502945e+01 3.62851787e+00 2.68934269e+01
    1.65250000e+02 1.15133018e+01 2.29926567e+01 3.97019653e+01
    7.60618496e+00 1.94992123e+01 2.56768055e+01 1.02063446e+01
    6.48340073e+01 5.06549530e+01 1.92123165e+01 4.05877419e+01
    5.38323355e+00 3.27810669e+01 188. 1.44559784e+01 2.02889614e+01
    4.80785522e+01 1.01965094e+01 3.34062500e+01 1.49703398e+01
    6.11374207e+01 2.66542664e+01 5.33343697e+00 188. 3.95887756e+01
    2.95655785e+01 1.11042709e+01 5.82092285e+01 2.16225090e+01
    3.86357574e+01 5.97481203e+00 7.01180725e+01 1.59409714e+01
    4.78953094e+01 188. 1.58743086e+01 4.09285469e+01 3.21293449e+01
    2.07920971e+01 6.51837921e+01 6.70773125e+00 5.17325325e+01
    2.58255692e+01 188. 1.15987101e+01 1.01663685e+01 3.29312782e+01
    2.02429180e+01 1.48980341e+01 5.91353531e+01 4.74651947e+01
    2.63113461e+01 5.29699612e+00 188. 3.96120796e+01 1.31355028e+01
    3.29347305e+01 3.00856280e+00 2.13762264e+01 8.08416271e+00 188.
    2.85279865e+01 2.50460033e+01 1.75425797e+01 4.00632172e+01
    3.46142616e+01 8.06950378e+00 2.07960052e+01 2.93752789e+00
    1.64509964e+01 3.00239506e+01 188. 1.26060667e+01 4.22535400e+01
    2.55402870e+01 3.11492348e+01 8.56872845e+00 1.85068645e+01
    2.23356953e+01 3.73434258e+01 3.06708360e+00 188. 1.39854488e+01
    2.65314617e+01 4.88418617e+01 8.10678387e+00 2.88460522e+01
    1.55330458e+01 3.37527733e+01 2.39479256e+01 3.02078819e+00
    1.95554752e+01 188. 4.10804024e+01 1.20810204e+01 8.95872402e+00
    2.61143608e+01 1.75074081e+01 3.39928055e+00 3.62813835e+01
    2.14306793e+01 4.59709854e+01 3.10305080e+01 1.35690460e+01 183.
    7.05041599e+00 2.97571602e+01 2.16234894e+01 1.21869230e+01
    4.73089409e+01 183. 3.92467642e+00 3.89669647e+01 1.62117214e+01
    9.45535851e+00 6.59829473e+00 3.81601868e+01 1.76092548e+01
    9.93712902e+00 2.98287983e+01 4.85136795e+01 183. 3.24514794e+00
    1.31965094e+01 2.33789158e+01 1.42377806e+01 4.10911865e+01
    7.63845921e+00 2.42194424e+01 3.75350261e+00 4.96492157e+01
    1.86138859e+01 183. 1.08791637e+01 3.17244205e+01 2.37485065e+01
    9.38920021e+00 4.95786629e+01 6.10456324e+00 3.13472233e+01
    1.31731157e+01 1.75752716e+01 183. 3.02202868e+00 3.94321213e+01
    2.93503475e+01 6.06602716e+00 1.59874506e+01 4.75956688e+01
    1.12102327e+01 3.76911507e+01 8.51059437e+00 2.23576202e+01 183.
    3.18009663e+00</data></vocabulary>
<bins>
  0. 2.93680382e+00 2.93753791e+00 3.00857282e+00 3.02079821e+00
  3.02203870e+00 3.06709361e+00 3.18010664e+00 3.24515796e+00
  3.39929056e+00 3.60143256e+00 3.62852788e+00 3.69372392e+00
  3.75351262e+00 3.92468643e+00 4.01233625e+00 5.29700613e+00
  5.33344698e+00 5.38324356e+00 5.97482204e+00 6.06603718e+00
  6.10457325e+00 6.47189236e+00 6.59830475e+00 6.70774126e+00
  7.05042601e+00 7.58892155e+00 7.59389257e+00 7.60619497e+00
  7.63846922e+00 8.06951332e+00 8.08417225e+00 8.10679340e+00
  8.47525978e+00 8.51060390e+00 8.56873798e+00 8.95873356e+00
  9.38920975e+00 9.45536804e+00 9.93713856e+00 1.01663780e+01
  1.01965189e+01 1.02063541e+01 1.04178448e+01 1.08791733e+01
  1.11042805e+01 1.12102423e+01 1.15087128e+01 1.15133114e+01
  1.15987196e+01 1.19463739e+01 1.20810299e+01 1.21869326e+01
  1.24473600e+01 1.26060762e+01 1.31355124e+01 1.31731253e+01
  1.31965189e+01 1.35690556e+01 1.39854584e+01 1.42377901e+01
  1.44559879e+01 1.48980436e+01 1.49703493e+01 1.50439482e+01
  1.54931259e+01 1.55330553e+01 1.58743181e+01 1.59409809e+01
  1.59874601e+01 1.60230885e+01 1.62117310e+01 1.64510059e+01
  1.64548187e+01 1.70064716e+01 1.75074177e+01 1.75425892e+01
  1.75752811e+01 1.76092644e+01 1.85068741e+01 1.86138954e+01
  1.92123260e+01 1.94992218e+01 1.95554848e+01 1.95943489e+01
  2.02429276e+01 2.02889709e+01 2.07921066e+01 2.07960148e+01
  2.09243450e+01 2.10489998e+01 2.13762360e+01 2.14306889e+01
  2.16225185e+01 2.16234989e+01 2.20699196e+01 2.23357048e+01
  2.23576298e+01 2.29926662e+01 2.33789253e+01 2.35302067e+01
  2.37485161e+01 2.39479351e+01 2.42194519e+01 2.50460129e+01
  2.55402966e+01 2.56768150e+01 2.58255787e+01 2.59658527e+01
  2.61143703e+01 2.63113556e+01 2.63549023e+01 2.65314713e+01
  2.66542759e+01 2.68934364e+01 2.69933147e+01 2.78930645e+01
  2.85279961e+01 2.88460617e+01 2.93503571e+01 2.95655880e+01
  2.97571697e+01 2.98288078e+01 3.00239601e+01 3.03270454e+01
  3.10305176e+01 3.11492443e+01 3.13472328e+01 3.17244301e+01
  3.18702278e+01 3.19476357e+01 3.21293564e+01 3.24503059e+01
  3.26891327e+01 3.27810783e+01 3.29312897e+01 3.29347420e+01
  3.34062614e+01 3.37527847e+01 3.41500320e+01 3.46142731e+01
  3.62813950e+01 3.69872169e+01 3.70044785e+01 3.73434372e+01
  3.76911621e+01 3.81601982e+01 3.83422127e+01 3.86357689e+01
  3.89669762e+01 3.94321327e+01 3.95887871e+01 3.96120911e+01
  3.97019768e+01 3.97673264e+01 4.00632286e+01 4.05877533e+01
  4.09285583e+01 4.10804138e+01 4.10911980e+01 4.22535515e+01
  4.36392097e+01 4.51701813e+01 4.59709969e+01 4.73089523e+01
  4.74652061e+01 4.75956802e+01 4.78953209e+01 4.80785637e+01
  4.85136909e+01 4.88418732e+01 4.95786743e+01 4.96492271e+01
  5.06549644e+01 5.17325439e+01 5.82092400e+01 5.91353645e+01
  6.11374321e+01 6.48340149e+01 6.51837997e+01 7.01180801e+01
  1.65250015e+02 1.83000015e+02 1.88000015e+02 1.99666687e+02 256.</bins>
</opencv_storage>
