<?xml version="1.0"?>
<opencv_storage>
<cropSize>35</cropSize>
<clustersPerClass>10</clustersPerClass>
<totalDictSize>
  1 60</totalDictSize>
<flagType>2</flagType>
<attempts>35</attempts>
<classes>"grass hedge pavement rectPaving smallBricks unevenBricks "</classes>
<Kmeans>
  <Iterations>100000</Iterations>
  <Epsilon>9.9999999999999995e-07</Epsilon></Kmeans>
<vocabulary type_id="opencv-matrix">
  <rows>60</rows>
  <cols>1</cols>
  <dt>f</dt>
  <data>
    2.99172287e+01 1.39960308e+01 1.99420815e+01 4.58760834e+00
    8.14034176e+00 1.69667187e+01 3.77027702e+01 2.29063072e+01
    1.10417204e+01 2.58576088e+01 2.43525600e+01 1.35888176e+01
    3.96870384e+01 2.87407188e+01 5.35695601e+00 1.74997349e+01
    9.68233395e+00 4.99495277e+01 3.36387978e+01 2.09446220e+01
    1.87763042e+01 1.05258675e+01 6.18516302e+00 1.25019560e+01
    1.44948111e+01 2.98888874e+01 8.51815987e+00 2.85466218e+00
    2.24948139e+01 1.64763947e+01 2.79994678e+01 1.19906015e+01
    8.64902592e+00 2.26869698e+01 1.83058243e+01 6.21346169e+01
    4.59032021e+01 4.58956671e+00 1.49548244e+01 3.52704582e+01
    1.34847822e+01 3.91946831e+01 2.58633690e+01 5.18604660e+00
    4.73526993e+01 3.17742424e+01 1.74411392e+01 9.59831810e+00
    2.14399681e+01 5.75086632e+01 1.39319401e+01 3.45057297e+01
    8.12300301e+00 2.38200951e+01 1.69049377e+01 1.10109749e+01
    4.31758194e+01 4.53964186e+00 2.88141270e+01 1.98850384e+01</data></vocabulary>
<bins>
  0. 2.85467219e+00 4.53965187e+00 4.58761835e+00 4.58957672e+00
  5.18605661e+00 5.35696602e+00 6.18517303e+00 8.12301254e+00
  8.14035130e+00 8.51816940e+00 8.64903545e+00 9.59832764e+00
  9.68234348e+00 1.05258770e+01 1.10109844e+01 1.10417299e+01
  1.19906111e+01 1.25019655e+01 1.34847918e+01 1.35888271e+01
  1.39319496e+01 1.39960403e+01 1.44948206e+01 1.49548340e+01
  1.64764042e+01 1.69049473e+01 1.69667282e+01 1.74411488e+01
  1.74997444e+01 1.83058338e+01 1.87763138e+01 1.98850479e+01
  1.99420910e+01 2.09446316e+01 2.14399776e+01 2.24948235e+01
  2.26869793e+01 2.29063168e+01 2.38201046e+01 2.43525696e+01
  2.58576183e+01 2.58633785e+01 2.79994774e+01 2.87407284e+01
  2.88141365e+01 2.98888969e+01 2.99172382e+01 3.17742519e+01
  3.36388092e+01 3.45057411e+01 3.52704697e+01 3.77027817e+01
  3.91946945e+01 3.96870499e+01 4.31758308e+01 4.59032135e+01
  4.73527107e+01 4.99495392e+01 5.75086746e+01 6.21346283e+01 256.</bins>
</opencv_storage>
