<?xml version="1.0"?>
<opencv_storage>
<cropSize>350</cropSize>
<clustersPerClass>10</clustersPerClass>
<totalDictSize>
  1 80</totalDictSize>
<flagType>2</flagType>
<attempts>20</attempts>
<classes>"AluBuilding BlueWood Grass SquareUnevenBlocks Tarmac UnevenBrickWall UpLibCarpet WoodFloor "</classes>
<Kmeans>
  <Iterations>100000</Iterations>
  <Epsilon>9.9999999999999995e-07</Epsilon></Kmeans>
<vocabulary type_id="opencv-matrix">
  <rows>80</rows>
  <cols>1</cols>
  <dt>f</dt>
  <data>
    1.99999988e+00 4.33474236e+01 1.78741951e+01 6.31583900e+01
    4.08100605e+00 2.94744263e+01 9.36733551e+01 3. 9.35208416e+00
    8.57625663e-01 2.23858809e+00 2.66747417e+01 8.68407516e+01
    8.16162395e+00 1.85634880e+01 5.31488800e+01 3.93276329e+01
    4.92439127e+00 6.87284317e+01 1.26374254e+01 3.90390062e+00
    1.93765240e+01 1.00223598e+01 2.76548252e+01 7.10007524e+00
    1.59494162e+01 4.34661636e+01 1.29802828e+01 2.33316956e+01
    3.35001221e+01 1.14399729e+01 8.31828156e+01 5.05233669e+00
    2.67174587e+01 5.07626801e+01 7.87454891e+00 1.78261642e+01
    3.77544479e+01 2.17115331e+00 6.58993073e+01 1.58722801e+01
    3.19120502e+00 7.46612835e+00 3.19120274e+01 1.14321661e+01
    2.38385925e+01 5.51314068e+00 1.92537956e+01 9.43486214e+00
    1.34295988e+01 1.43600130e+01 2.37884254e+01 8.10781193e+00
    4.16039772e+01 5.36435699e+01 1.87289314e+01 1.09855499e+01
    4.65999317e+00 3.41769066e+01 2.87791233e+01 1.18630857e+01
    4.53933287e+00 2.37403011e+01 2.52693391e+00 8.85487270e+00
    2.91958103e+01 1.54850950e+01 1.94048214e+01 4.05348282e+01
    6.49195862e+00 6.07976961e+00 2.26899967e+01 1.18677750e+01
    3.90844612e+01 1.82764187e+01 2.90913219e+01 1.49037619e+01
    8.94601250e+00 3.10236120e+00 5.30488663e+01</data></vocabulary>
<bins>
  0. 8.57635677e-01 2.00000978e+00 2.17116332e+00 2.23859811e+00
  2.52694392e+00 3.00001001e+00 3.10237122e+00 3.19121504e+00
  3.90391064e+00 4.08101606e+00 4.53934288e+00 4.66000319e+00
  4.92440128e+00 5.05234671e+00 5.51315069e+00 6.07977962e+00
  6.49196863e+00 7.10008526e+00 7.46613836e+00 7.87455893e+00
  8.10782146e+00 8.16163349e+00 8.85488224e+00 8.94602203e+00
  9.35209370e+00 9.43487167e+00 1.00223694e+01 1.09855595e+01
  1.14321756e+01 1.14399824e+01 1.18630953e+01 1.18677845e+01
  1.26374350e+01 1.29802923e+01 1.34296083e+01 1.43600225e+01
  1.49037714e+01 1.54851046e+01 1.58722897e+01 1.59494257e+01
  1.78261738e+01 1.78742046e+01 1.82764282e+01 1.85634975e+01
  1.87289410e+01 1.92538052e+01 1.93765335e+01 1.94048309e+01
  2.26900063e+01 2.33317051e+01 2.37403107e+01 2.37884350e+01
  2.38386021e+01 2.66747513e+01 2.67174683e+01 2.76548347e+01
  2.87791328e+01 2.90913315e+01 2.91958199e+01 2.94744358e+01
  3.19120369e+01 3.35001335e+01 3.41769180e+01 3.77544594e+01
  3.90844727e+01 3.93276443e+01 4.05348396e+01 4.16039886e+01
  4.33474350e+01 4.34661751e+01 5.07626915e+01 5.30488777e+01
  5.31488914e+01 5.36435814e+01 6.31584015e+01 6.58993149e+01
  6.87284393e+01 8.31828232e+01 8.68407593e+01 9.36733627e+01 256.</bins>
</opencv_storage>
