<?xml version="1.0"?>
<opencv_storage>
<cropSize>70</cropSize>
<clustersPerClass>10</clustersPerClass>
<totalDictSize>
  1 90</totalDictSize>
<flagType>2</flagType>
<attempts>50</attempts>
<classes>"AluBuilding BlueWood Grass SquareCarpet SquareUnevenBlocks Tarmac UnevenBrickWall UpLibCarpet WoodFloor "</classes>
<Kmeans>
  <Iterations>100000</Iterations>
  <Epsilon>9.9999999999999995e-07</Epsilon></Kmeans>
<vocabulary type_id="opencv-matrix">
  <rows>90</rows>
  <cols>1</cols>
  <dt>f</dt>
  <data>
    6.18101645e+00 6.80687027e+01 1.37183065e+01 3.28520126e+01
    8.57346344e+00 8.69495392e+01 2.18268280e+01 4.79625549e+01
    2.98210144e+00 1.07731781e+01 6.12670422e+00 2.31692390e+01
    1.08594322e+01 3.65927391e+01 1.76345272e+01 8.49869156e+00
    3.21667767e+00 2.97233219e+01 4.44503937e+01 1.38829384e+01
    4.58841038e+00 1.99000816e+01 1.25525293e+01 2.80656185e+01
    8.12948322e+00 1.69317455e+01 2.32937546e+01 1.45291595e+01
    3.64615402e+01 1.05814295e+01 1.23702860e+01 6.08512077e+01
    3.66217079e+01 2.22968578e+01 1.67716274e+01 8.56009007e+00
    2.85972309e+01 7.77442474e+01 4.78279953e+01 4.80450678e+00
    1.14955683e+01 2.84555321e+01 4.66716232e+01 1.49617920e+01
    2.27227917e+01 4.57131481e+00 8.12691307e+00 6.22331924e+01
    1.82953453e+01 3.63814316e+01 1.25145779e+01 6.19459057e+00
    1.97911835e+01 1.05266781e+01 1.68741207e+01 3.23904305e+01
    1.45083027e+01 2.35731449e+01 3.20640635e+00 8.54886436e+00
    5.40530281e+01 1.64099464e+01 3.65767632e+01 5.33814383e+00
    2.48171730e+01 1.24604578e+01 3.02793541e+01 4.38348999e+01
    9.06843090e+00 2.03830242e+01 9.98495483e+00 2.64637203e+01
    6.22692299e+01 1.63940678e+01 3.85203004e+00 3.43046570e+01
    1.29329891e+01 2.06876183e+01 7.11760712e+00 4.42500000e+01
    1.59775190e+01 2.80343285e+01 7.12672615e+00 4.45327530e+01
    1.93717003e+01 1.00367031e+01 3.46427574e+01 3.95504427e+00
    2.33331146e+01 1.29688473e+01</data></vocabulary>
<bins>
  0. 2.98211145e+00 3.20641637e+00 3.21668768e+00 3.85204005e+00
  3.95505428e+00 4.57132483e+00 4.58842039e+00 4.80451679e+00
  5.33815384e+00 6.12671423e+00 6.18102646e+00 6.19460058e+00
  7.11761713e+00 7.12673616e+00 8.12692261e+00 8.12949276e+00
  8.49870110e+00 8.54887390e+00 8.56009960e+00 8.57347298e+00
  9.06844044e+00 9.98496437e+00 1.00367126e+01 1.05266876e+01
  1.05814390e+01 1.07731876e+01 1.08594418e+01 1.14955778e+01
  1.23702955e+01 1.24604673e+01 1.25145874e+01 1.25525389e+01
  1.29329987e+01 1.29688568e+01 1.37183161e+01 1.38829479e+01
  1.45083122e+01 1.45291691e+01 1.49618015e+01 1.59775286e+01
  1.63940773e+01 1.64099560e+01 1.67716370e+01 1.68741302e+01
  1.69317551e+01 1.76345367e+01 1.82953548e+01 1.93717098e+01
  1.97911930e+01 1.99000912e+01 2.03830338e+01 2.06876278e+01
  2.18268375e+01 2.22968674e+01 2.27228012e+01 2.31692486e+01
  2.32937641e+01 2.33331242e+01 2.35731544e+01 2.48171825e+01
  2.64637299e+01 2.80343380e+01 2.80656281e+01 2.84555416e+01
  2.85972404e+01 2.97233315e+01 3.02793636e+01 3.23904419e+01
  3.28520241e+01 3.43046684e+01 3.46427689e+01 3.63814430e+01
  3.64615517e+01 3.65767746e+01 3.65927505e+01 3.66217194e+01
  4.38349113e+01 4.42500114e+01 4.44504051e+01 4.45327644e+01
  4.66716347e+01 4.78280067e+01 4.79625664e+01 5.40530396e+01
  6.08512192e+01 6.22332039e+01 6.22692413e+01 6.80687103e+01
  7.77442551e+01 8.69495468e+01 256.</bins>
</opencv_storage>
