<?xml version="1.0"?>
<opencv_storage>
<class_0>
  <Name>AFoil</Name>
  <Models>
    <m_0 type_id="opencv-matrix">
      <rows>43</rows>
      <cols>1</cols>
      <dt>f</dt>
      <data>
        1. 0. 0. 0. 1. 1. 0. 0. 1. 1. 1. 0. 0. 0. 1. 0. 1. 1. 1. 0. 0.
        1. 1. 2. 0. 2. 1. 1. 3. 6. 5. 6. 3. 4. 1. 1. 0. 0. 1. 0. 1. 1.
        0.</data></m_0>
    <m_1 type_id="opencv-matrix">
      <rows>43</rows>
      <cols>1</cols>
      <dt>f</dt>
      <data>
        1. 0. 0. 0. 1. 1. 0. 0. 1. 1. 1. 0. 0. 0. 1. 0. 1. 1. 1. 0. 0.
        1. 1. 2. 0. 2. 1. 1. 3. 7. 8. 7. 2. 2. 0. 1. 0. 0. 1. 0. 1. 0.
        0.</data></m_1>
    <m_2 type_id="opencv-matrix">
      <rows>43</rows>
      <cols>1</cols>
      <dt>f</dt>
      <data>
        1. 0. 0. 0. 1. 1. 0. 0. 1. 1. 1. 0. 0. 0. 1. 0. 1. 1. 1. 0. 0.
        1. 1. 2. 0. 2. 1. 1. 3. 6. 7. 6. 3. 4. 0. 1. 0. 0. 1. 0. 1. 0.
        0.</data></m_2>
    <m_3 type_id="opencv-matrix">
      <rows>43</rows>
      <cols>1</cols>
      <dt>f</dt>
      <data>
        2. 0. 0. 0. 1. 1. 0. 0. 1. 1. 1. 0. 0. 0. 1. 0. 1. 1. 1. 0. 0.
        1. 1. 2. 0. 2. 1. 1. 3. 7. 8. 7. 2. 0. 0. 1. 0. 0. 1. 1. 1. 0.
        0.</data></m_3>
    <m_4 type_id="opencv-matrix">
      <rows>43</rows>
      <cols>1</cols>
      <dt>f</dt>
      <data>
        2. 0. 0. 0. 1. 1. 0. 0. 1. 1. 1. 0. 0. 0. 1. 0. 1. 1. 1. 0. 0.
        1. 1. 2. 0. 2. 1. 1. 3. 7. 7. 6. 2. 2. 0. 1. 0. 0. 1. 1. 1. 0.
        0.</data></m_4>
    <m_5 type_id="opencv-matrix">
      <rows>43</rows>
      <cols>1</cols>
      <dt>f</dt>
      <data>
        2. 0. 0. 0. 1. 1. 0. 0. 1. 1. 1. 0. 0. 0. 1. 0. 1. 1. 1. 0. 0.
        1. 1. 2. 0. 2. 1. 1. 3. 7. 9. 6. 2. 0. 0. 1. 0. 0. 1. 1. 1. 0.
        0.</data></m_5>
    <m_6 type_id="opencv-matrix">
      <rows>43</rows>
      <cols>1</cols>
      <dt>f</dt>
      <data>
        2. 0. 0. 0. 1. 1. 0. 0. 1. 1. 1. 0. 0. 0. 1. 0. 1. 1. 1. 0. 0.
        1. 1. 2. 0. 2. 1. 1. 3. 7. 9. 6. 2. 0. 0. 1. 0. 0. 2. 0. 0. 1.
        0.</data></m_6>
    <m_7 type_id="opencv-matrix">
      <rows>43</rows>
      <cols>1</cols>
      <dt>f</dt>
      <data>
        1. 0. 0. 0. 1. 1. 0. 0. 1. 1. 1. 0. 0. 0. 1. 0. 1. 1. 1. 0. 0.
        1. 1. 2. 0. 2. 1. 1. 3. 7. 9. 8. 1. 0. 0. 1. 0. 0. 2. 0. 0. 1.
        0.</data></m_7>
    <m_8 type_id="opencv-matrix">
      <rows>43</rows>
      <cols>1</cols>
      <dt>f</dt>
      <data>
        1. 0. 0. 0. 1. 1. 0. 0. 1. 1. 1. 0. 0. 0. 1. 0. 1. 1. 1. 0. 0.
        1. 1. 2. 0. 2. 1. 1. 3. 7. 7. 6. 4. 1. 0. 1. 0. 0. 2. 0. 0. 1.
        0.</data></m_8>
    <m_9 type_id="opencv-matrix">
      <rows>43</rows>
      <cols>1</cols>
      <dt>f</dt>
      <data>
        1. 0. 0. 0. 1. 1. 0. 0. 1. 1. 1. 0. 0. 0. 1. 0. 1. 1. 1. 0. 0.
        1. 1. 2. 0. 2. 1. 1. 3. 7. 9. 6. 3. 0. 0. 1. 0. 0. 1. 1. 1. 0.
        0.</data></m_9></Models></class_0>
<class_1>
  <Name>bread</Name>
  <Models>
    <m_0 type_id="opencv-matrix">
      <rows>43</rows>
      <cols>1</cols>
      <dt>f</dt>
      <data>
        2. 0. 0. 0. 1. 26. 0. 0. 1. 1. 1. 0. 0. 0. 1. 0. 1. 1. 1. 0. 0.
        1. 1. 2. 0. 2. 1. 1. 2. 0. 0. 0. 0. 0. 0. 1. 0. 0. 1. 1. 0. 1.
        0.</data></m_0>
    <m_1 type_id="opencv-matrix">
      <rows>43</rows>
      <cols>1</cols>
      <dt>f</dt>
      <data>
        2. 0. 0. 0. 1. 27. 0. 0. 1. 1. 1. 0. 0. 0. 1. 0. 1. 1. 1. 0. 0.
        1. 1. 2. 0. 2. 1. 1. 1. 0. 0. 0. 0. 0. 0. 1. 0. 0. 2. 0. 0. 1.
        0.</data></m_1>
    <m_2 type_id="opencv-matrix">
      <rows>43</rows>
      <cols>1</cols>
      <dt>f</dt>
      <data>
        2. 0. 0. 0. 1. 27. 0. 0. 1. 1. 1. 0. 0. 0. 1. 0. 1. 1. 1. 0. 0.
        1. 1. 2. 0. 2. 1. 1. 1. 0. 0. 0. 0. 0. 0. 1. 0. 0. 2. 0. 1. 0.
        0.</data></m_2>
    <m_3 type_id="opencv-matrix">
      <rows>43</rows>
      <cols>1</cols>
      <dt>f</dt>
      <data>
        2. 0. 0. 0. 1. 30. 0. 0. 1. 1. 1. 0. 0. 0. 1. 0. 1. 1. 1. 0. 0.
        1. 1. 2. 0. 2. 0. 0. 0. 0. 0. 0. 0. 0. 0. 1. 0. 0. 2. 0. 1. 0.
        0.</data></m_3>
    <m_4 type_id="opencv-matrix">
      <rows>43</rows>
      <cols>1</cols>
      <dt>f</dt>
      <data>
        2. 0. 0. 0. 1. 34. 0. 0. 1. 1. 1. 0. 0. 0. 1. 0. 1. 1. 1. 0. 0.
        1. 1. 0. 0. 0. 0. 0. 0. 0. 0. 0. 0. 0. 0. 1. 0. 0. 2. 0. 1. 0.
        0.</data></m_4>
    <m_5 type_id="opencv-matrix">
      <rows>43</rows>
      <cols>1</cols>
      <dt>f</dt>
      <data>
        2. 0. 0. 0. 1. 34. 0. 0. 1. 1. 1. 0. 0. 0. 1. 0. 1. 1. 1. 0. 0.
        1. 1. 0. 0. 0. 0. 0. 0. 0. 0. 0. 0. 0. 0. 1. 0. 0. 2. 0. 1. 0.
        0.</data></m_5>
    <m_6 type_id="opencv-matrix">
      <rows>43</rows>
      <cols>1</cols>
      <dt>f</dt>
      <data>
        2. 0. 0. 0. 1. 1. 0. 0. 1. 21. 1. 0. 0. 0. 1. 0. 1. 1. 1. 0. 0.
        1. 1. 2. 0. 2. 1. 1. 3. 4. 0. 0. 0. 0. 0. 1. 0. 0. 2. 0. 1. 0.
        0.</data></m_6>
    <m_7 type_id="opencv-matrix">
      <rows>43</rows>
      <cols>1</cols>
      <dt>f</dt>
      <data>
        2. 0. 0. 0. 1. 1. 0. 0. 1. 19. 1. 0. 0. 0. 1. 0. 1. 1. 1. 0. 0.
        1. 1. 2. 0. 2. 1. 1. 3. 6. 0. 0. 0. 0. 0. 1. 0. 0. 2. 0. 0. 1.
        0.</data></m_7>
    <m_8 type_id="opencv-matrix">
      <rows>43</rows>
      <cols>1</cols>
      <dt>f</dt>
      <data>
        2. 0. 0. 0. 1. 33. 0. 0. 1. 1. 1. 0. 0. 0. 1. 0. 1. 1. 1. 0. 0.
        1. 1. 1. 0. 0. 0. 0. 0. 0. 0. 0. 0. 0. 0. 1. 0. 0. 2. 0. 1. 0.
        0.</data></m_8>
    <m_9 type_id="opencv-matrix">
      <rows>43</rows>
      <cols>1</cols>
      <dt>f</dt>
      <data>
        2. 0. 0. 0. 1. 34. 0. 0. 1. 1. 1. 0. 0. 0. 1. 0. 1. 1. 1. 0. 0.
        1. 1. 0. 0. 0. 0. 0. 0. 0. 0. 0. 0. 0. 0. 1. 0. 0. 2. 0. 1. 0.
        0.</data></m_9></Models></class_1>
