<?xml version="1.0"?>
<opencv_storage>
<Serial>1430155300</Serial>
<modelsInfo>
  <Num_Models>2</Num_Models>
  <cropSize>200</cropSize>
  <modelsNumOfClusters>10</modelsNumOfClusters>
  <modelsFlagType>2</modelsFlagType>
  <modelsAttempts>5</modelsAttempts>
  <Kmeans>
    <Iterations>1000</Iterations>
    <Epsilon>1.0000000000000000e-04</Epsilon></Kmeans></modelsInfo>
<textonDictInfo>
  <totalDictSize>
    1 20</totalDictSize>
  <vocabulary type_id="opencv-matrix">
    <rows>20</rows>
    <cols>1</cols>
    <dt>f</dt>
    <data>
      1.93665047e+01 3.90121508e+00 3.15513077e+01 1.29669542e+01
      6.76990585e+01 1.00111103e+01 4.51665192e+01 7.10806274e+00
      2.40381966e+01 1.59415426e+01 1.54175835e+01 3.18701401e+01
      8.55219173e+00 5.20266647e+01 2.44860802e+01 4.63426733e+00
      1.93724155e+01 6.61587067e+01 1.19526930e+01 4.07451515e+01</data></vocabulary>
  <bins>
    0. 3.90122509e+00 4.63427734e+00 7.10807276e+00 8.55220127e+00
    1.00111198e+01 1.19527025e+01 1.29669638e+01 1.54175930e+01
    1.59415522e+01 1.93665142e+01 1.93724251e+01 2.40382061e+01
    2.44860897e+01 3.15513172e+01 3.18701496e+01 4.07451630e+01
    4.51665306e+01 5.20266762e+01 6.61587143e+01 6.76990662e+01 256.</bins></textonDictInfo>
<classes>
  <class_0>
    <Name>LargeSquareEvenBlocks</Name>
    <Models>
      <m_0 type_id="opencv-matrix">
        <rows>21</rows>
        <cols>1</cols>
        <dt>f</dt>
        <data>
          0. 1. 0. 1. 0. 1. 0. 1. 0. 1. 0. 1. 0. 1. 0. 1. 0. 1. 0. 1. 0.</data></m_0>
      <m_1 type_id="opencv-matrix">
        <rows>21</rows>
        <cols>1</cols>
        <dt>f</dt>
        <data>
          1. 0. 1. 0. 0. 1. 0. 1. 0. 1. 0. 1. 0. 1. 0. 1. 0. 1. 0. 1. 0.</data></m_1>
      <m_2 type_id="opencv-matrix">
        <rows>21</rows>
        <cols>1</cols>
        <dt>f</dt>
        <data>
          1. 0. 1. 0. 1. 0. 1. 0. 1. 1. 0. 1. 0. 1. 0. 1. 1. 0. 0. 0. 0.</data></m_2>
      <m_3 type_id="opencv-matrix">
        <rows>21</rows>
        <cols>1</cols>
        <dt>f</dt>
        <data>
          0. 1. 0. 1. 0. 1. 0. 1. 0. 1. 0. 1. 0. 1. 0. 1. 0. 1. 0. 1. 0.</data></m_3>
      <m_4 type_id="opencv-matrix">
        <rows>21</rows>
        <cols>1</cols>
        <dt>f</dt>
        <data>
          0. 1. 0. 0. 1. 0. 1. 0. 1. 0. 1. 0. 1. 1. 0. 1. 0. 1. 0. 1. 0.</data></m_4>
      <m_5 type_id="opencv-matrix">
        <rows>21</rows>
        <cols>1</cols>
        <dt>f</dt>
        <data>
          0. 1. 0. 1. 0. 1. 0. 1. 0. 1. 0. 1. 1. 0. 1. 0. 1. 0. 0. 1. 0.</data></m_5>
      <m_6 type_id="opencv-matrix">
        <rows>21</rows>
        <cols>1</cols>
        <dt>f</dt>
        <data>
          0. 1. 0. 1. 0. 1. 0. 0. 1. 0. 1. 0. 1. 1. 0. 1. 0. 1. 0. 1. 0.</data></m_6>
      <m_7 type_id="opencv-matrix">
        <rows>21</rows>
        <cols>1</cols>
        <dt>f</dt>
        <data>
          1. 0. 1. 0. 0. 1. 0. 1. 0. 1. 0. 1. 0. 1. 1. 0. 1. 0. 1. 0. 0.</data></m_7>
      <m_8 type_id="opencv-matrix">
        <rows>21</rows>
        <cols>1</cols>
        <dt>f</dt>
        <data>
          0. 1. 0. 1. 0. 1. 1. 0. 1. 0. 1. 0. 1. 0. 0. 1. 0. 1. 0. 1. 0.</data></m_8></Models></class_0>
  <class_1>
    <Name>UnevenLinearBricks</Name>
    <Models>
      <m_0 type_id="opencv-matrix">
        <rows>21</rows>
        <cols>1</cols>
        <dt>f</dt>
        <data>
          0. 1. 0. 1. 0. 1. 0. 0. 1. 0. 1. 0. 1. 1. 0. 1. 0. 1. 1. 0. 0.</data></m_0>
      <m_1 type_id="opencv-matrix">
        <rows>21</rows>
        <cols>1</cols>
        <dt>f</dt>
        <data>
          1. 0. 1. 0. 1. 0. 1. 0. 1. 0. 1. 0. 1. 1. 0. 1. 1. 0. 0. 0. 0.</data></m_1>
      <m_2 type_id="opencv-matrix">
        <rows>21</rows>
        <cols>1</cols>
        <dt>f</dt>
        <data>
          1. 0. 1. 0. 1. 0. 1. 0. 1. 1. 0. 1. 0. 1. 1. 0. 1. 0. 0. 0. 0.</data></m_2>
      <m_3 type_id="opencv-matrix">
        <rows>21</rows>
        <cols>1</cols>
        <dt>f</dt>
        <data>
          0. 1. 0. 1. 0. 1. 0. 1. 0. 0. 1. 0. 1. 1. 0. 1. 1. 0. 1. 0. 0.</data></m_3>
      <m_4 type_id="opencv-matrix">
        <rows>21</rows>
        <cols>1</cols>
        <dt>f</dt>
        <data>
          0. 1. 0. 1. 0. 1. 0. 0. 1. 0. 1. 0. 1. 0. 1. 1. 0. 1. 1. 0. 0.</data></m_4>
      <m_5 type_id="opencv-matrix">
        <rows>21</rows>
        <cols>1</cols>
        <dt>f</dt>
        <data>
          0. 1. 0. 1. 0. 1. 0. 1. 0. 1. 0. 1. 0. 1. 1. 0. 1. 1. 0. 0. 0.</data></m_5>
      <m_6 type_id="opencv-matrix">
        <rows>21</rows>
        <cols>1</cols>
        <dt>f</dt>
        <data>
          1. 0. 1. 0. 0. 1. 0. 1. 0. 1. 0. 1. 0. 1. 1. 0. 1. 1. 0. 0. 0.</data></m_6>
      <m_7 type_id="opencv-matrix">
        <rows>21</rows>
        <cols>1</cols>
        <dt>f</dt>
        <data>
          0. 1. 0. 0. 1. 0. 1. 0. 1. 1. 0. 1. 0. 1. 0. 1. 0. 1. 1. 0. 0.</data></m_7>
      <m_8 type_id="opencv-matrix">
        <rows>21</rows>
        <cols>1</cols>
        <dt>f</dt>
        <data>
          0. 1. 0. 1. 0. 1. 0. 1. 0. 1. 0. 1. 0. 1. 0. 1. 0. 1. 1. 0. 0.</data></m_8></Models></class_1></classes>
</opencv_storage>
