<?xml version="1.0"?>
<opencv_storage>
<Serial>969490628</Serial>
<modelsInfo>
  <Num_Models>4</Num_Models>
  <cropSize>40</cropSize>
  <modelsNumOfClusters>10</modelsNumOfClusters>
  <modelsFlagType>2</modelsFlagType>
  <modelsAttempts>5</modelsAttempts>
  <Kmeans>
    <Iterations>1000</Iterations>
    <Epsilon>1.0000000000000000e-04</Epsilon></Kmeans></modelsInfo>
<textonDictInfo>
  <totalDictSize>
    1 40</totalDictSize>
  <vocabulary type_id="opencv-matrix">
    <rows>40</rows>
    <cols>1</cols>
    <dt>f</dt>
    <data>
      5. 10. 1.64252555e+00 7. 8. 4. 9. 6. 3. 1.13526096e+01 5.
      8.46019554e+00 1.44294119e+01 1.61597371e+00 7. 2.41999989e+01 3.
      6. 4. 1.07088184e+01 2. 5. 7. 3. 6. 8. 4. 1. 9. 1.03000002e+01
      1.09308853e+01 2.44928226e+01 7.41646767e+00 1.58814764e+01 9.
      3.16706252e+00 1.34274759e+01 5.46234274e+00 2.07858601e+01
      1.84981689e+01</data></vocabulary>
  <bins>
    0. 1.00001001e+00 1.61598372e+00 1.64253557e+00 2.00001001e+00
    3.00001001e+00 3.16707253e+00 4.00001001e+00 5.00001001e+00
    5.46235275e+00 6.00001001e+00 7.00001001e+00 7.41647768e+00
    8.00000954e+00 8.46020508e+00 9.00000954e+00 1.00000095e+01
    1.03000097e+01 1.07088280e+01 1.09308949e+01 1.13526192e+01
    1.34274855e+01 1.44294214e+01 1.58814859e+01 1.84981785e+01
    2.07858696e+01 2.42000084e+01 2.44928322e+01 256.</bins></textonDictInfo>
<classes>
  <class_0>
    <Name>BlackTarmac</Name>
    <Models>
      <m_0 type_id="opencv-matrix">
        <rows>28</rows>
        <cols>1</cols>
        <dt>f</dt>
        <data>
          0. 0. 1. 0. 1. 0. 1. 1. 0. 1. 1. 0. 1. 0. 1. 1. 0. 0. 0. 1. 0.
          0. 0. 0. 0. 0. 0. 0.</data></m_0>
      <m_1 type_id="opencv-matrix">
        <rows>28</rows>
        <cols>1</cols>
        <dt>f</dt>
        <data>
          0. 1. 0. 0. 1. 0. 1. 1. 0. 1. 1. 0. 1. 0. 1. 1. 0. 0. 0. 1. 0.
          0. 0. 0. 0. 0. 0. 0.</data></m_1>
      <m_2 type_id="opencv-matrix">
        <rows>28</rows>
        <cols>1</cols>
        <dt>f</dt>
        <data>
          0. 0. 1. 0. 1. 0. 1. 1. 0. 1. 1. 0. 1. 0. 1. 0. 0. 0. 0. 1. 0.
          0. 0. 1. 0. 0. 0. 0.</data></m_2></Models></class_0>
  <class_1>
    <Name>Grass</Name>
    <Models>
      <m_0 type_id="opencv-matrix">
        <rows>28</rows>
        <cols>1</cols>
        <dt>f</dt>
        <data>
          0. 1. 0. 0. 1. 0. 1. 1. 0. 1. 1. 0. 1. 0. 1. 0. 0. 0. 0. 1. 0.
          0. 1. 0. 0. 0. 0. 0.</data></m_0>
      <m_1 type_id="opencv-matrix">
        <rows>28</rows>
        <cols>1</cols>
        <dt>f</dt>
        <data>
          1. 0. 0. 0. 1. 0. 1. 1. 0. 1. 1. 0. 0. 1. 0. 0. 1. 0. 0. 0. 1.
          0. 0. 0. 1. 0. 0. 0.</data></m_1>
      <m_2 type_id="opencv-matrix">
        <rows>28</rows>
        <cols>1</cols>
        <dt>f</dt>
        <data>
          0. 1. 0. 0. 1. 0. 1. 1. 0. 1. 1. 0. 1. 0. 1. 0. 1. 0. 0. 0. 1.
          0. 0. 0. 0. 0. 0. 0.</data></m_2></Models></class_1>
  <class_2>
    <Name>LightTarmac</Name>
    <Models>
      <m_0 type_id="opencv-matrix">
        <rows>28</rows>
        <cols>1</cols>
        <dt>f</dt>
        <data>
          1. 0. 0. 1. 1. 0. 1. 1. 0. 1. 1. 0. 1. 0. 1. 1. 0. 0. 0. 0. 0.
          0. 0. 0. 0. 0. 0. 0.</data></m_0>
      <m_1 type_id="opencv-matrix">
        <rows>28</rows>
        <cols>1</cols>
        <dt>f</dt>
        <data>
          1. 0. 0. 1. 1. 0. 1. 1. 0. 1. 1. 0. 1. 0. 1. 0. 0. 0. 0. 1. 0.
          0. 0. 0. 0. 0. 0. 0.</data></m_1>
      <m_2 type_id="opencv-matrix">
        <rows>28</rows>
        <cols>1</cols>
        <dt>f</dt>
        <data>
          1. 0. 0. 1. 1. 0. 1. 1. 0. 1. 1. 0. 1. 0. 1. 0. 0. 1. 0. 0. 0.
          0. 0. 0. 0. 0. 0. 0.</data></m_2></Models></class_2>
  <class_3>
    <Name>UnevenLinearBlocks</Name>
    <Models>
      <m_0 type_id="opencv-matrix">
        <rows>28</rows>
        <cols>1</cols>
        <dt>f</dt>
        <data>
          0. 0. 0. 0. 0. 1. 0. 0. 1. 0. 0. 1. 0. 0. 1. 0. 0. 0. 1. 0. 1.
          0. 1. 0. 1. 1. 1. 0.</data></m_0>
      <m_1 type_id="opencv-matrix">
        <rows>28</rows>
        <cols>1</cols>
        <dt>f</dt>
        <data>
          0. 0. 0. 0. 1. 0. 0. 0. 1. 0. 0. 1. 0. 0. 1. 1. 0. 0. 0. 1. 1.
          0. 1. 1. 1. 0. 0. 0.</data></m_1>
      <m_2 type_id="opencv-matrix">
        <rows>28</rows>
        <cols>1</cols>
        <dt>f</dt>
        <data>
          0. 0. 0. 0. 0. 1. 0. 0. 1. 0. 0. 1. 0. 0. 1. 0. 0. 1. 0. 0. 1.
          1. 0. 1. 0. 1. 1. 0.</data></m_2></Models></class_3></classes>
</opencv_storage>
