<?xml version="1.0"?>
<opencv_storage>
<Serial>1234646343</Serial>
<modelsInfo>
  <Num_Models>2</Num_Models>
  <cropSize>225</cropSize>
  <modelsNumOfClusters>10</modelsNumOfClusters>
  <modelsFlagType>2</modelsFlagType>
  <modelsAttempts>5</modelsAttempts>
  <Kmeans>
    <Iterations>1000</Iterations>
    <Epsilon>1.0000000000000000e-04</Epsilon></Kmeans></modelsInfo>
<textonDictInfo>
  <totalDictSize>
    1 20</totalDictSize>
  <vocabulary type_id="opencv-matrix">
    <rows>20</rows>
    <cols>1</cols>
    <dt>f</dt>
    <data>
      1.39452353e+01 3.47926521e+01 1.10094767e+01 2.16592102e+01
      7.05262527e+01 4.53512859e+00 1.73636971e+01 8.11386871e+00
      2.69193268e+01 4.87759018e+01 1.19474735e+01 3.77804298e+01
      1.86958160e+01 5.48054886e+00 6.39835854e+01 2.41640854e+01
      4.93532028e+01 1.49269524e+01 3.01597672e+01 9.04403591e+00</data></vocabulary>
  <bins>
    0. 4.53513861e+00 5.48055887e+00 8.11387825e+00 9.04404545e+00
    1.10094862e+01 1.19474831e+01 1.39452448e+01 1.49269619e+01
    1.73637066e+01 1.86958256e+01 2.16592197e+01 2.41640949e+01
    2.69193363e+01 3.01597767e+01 3.47926636e+01 3.77804413e+01
    4.87759132e+01 4.93532143e+01 6.39835968e+01 7.05262604e+01 256.</bins></textonDictInfo>
<classes>
  <class_0>
    <Name>LargeSquareEvenBlocks</Name>
    <Models>
      <m_0 type_id="opencv-matrix">
        <rows>21</rows>
        <cols>1</cols>
        <dt>f</dt>
        <data>
          0. 1. 0. 1. 0. 0. 1. 0. 1. 0. 1. 1. 0. 1. 0. 1. 0. 1. 0. 1. 0.</data></m_0>
      <m_1 type_id="opencv-matrix">
        <rows>21</rows>
        <cols>1</cols>
        <dt>f</dt>
        <data>
          1. 0. 1. 0. 1. 0. 1. 0. 0. 1. 0. 1. 0. 1. 0. 1. 0. 1. 0. 1. 0.</data></m_1>
      <m_2 type_id="opencv-matrix">
        <rows>21</rows>
        <cols>1</cols>
        <dt>f</dt>
        <data>
          1. 0. 1. 0. 1. 0. 1. 0. 1. 1. 1. 0. 1. 0. 1. 0. 1. 0. 0. 0. 0.</data></m_2>
      <m_3 type_id="opencv-matrix">
        <rows>21</rows>
        <cols>1</cols>
        <dt>f</dt>
        <data>
          1. 0. 1. 0. 1. 0. 1. 0. 1. 0. 1. 0. 1. 0. 0. 1. 0. 1. 0. 1. 0.</data></m_3>
      <m_4 type_id="opencv-matrix">
        <rows>21</rows>
        <cols>1</cols>
        <dt>f</dt>
        <data>
          1. 0. 1. 0. 0. 1. 0. 1. 0. 1. 0. 1. 0. 1. 0. 1. 0. 1. 0. 1. 0.</data></m_4>
      <m_5 type_id="opencv-matrix">
        <rows>21</rows>
        <cols>1</cols>
        <dt>f</dt>
        <data>
          1. 0. 1. 0. 1. 0. 1. 0. 1. 0. 1. 0. 1. 0. 0. 1. 0. 1. 0. 1. 0.</data></m_5>
      <m_6 type_id="opencv-matrix">
        <rows>21</rows>
        <cols>1</cols>
        <dt>f</dt>
        <data>
          0. 1. 0. 1. 0. 0. 1. 1. 0. 1. 0. 1. 0. 0. 1. 0. 1. 0. 1. 1. 0.</data></m_6>
      <m_7 type_id="opencv-matrix">
        <rows>21</rows>
        <cols>1</cols>
        <dt>f</dt>
        <data>
          1. 0. 1. 0. 0. 1. 0. 1. 0. 1. 0. 1. 0. 1. 0. 1. 1. 0. 1. 0. 0.</data></m_7>
      <m_8 type_id="opencv-matrix">
        <rows>21</rows>
        <cols>1</cols>
        <dt>f</dt>
        <data>
          1. 0. 0. 1. 0. 1. 0. 1. 1. 0. 1. 0. 1. 0. 1. 0. 0. 1. 0. 1. 0.</data></m_8></Models></class_0>
  <class_1>
    <Name>UnevenLinearBricks</Name>
    <Models>
      <m_0 type_id="opencv-matrix">
        <rows>21</rows>
        <cols>1</cols>
        <dt>f</dt>
        <data>
          1. 0. 1. 0. 0. 1. 0. 0. 1. 0. 1. 1. 0. 1. 0. 1. 0. 1. 1. 0. 0.</data></m_0>
      <m_1 type_id="opencv-matrix">
        <rows>21</rows>
        <cols>1</cols>
        <dt>f</dt>
        <data>
          1. 0. 1. 0. 1. 0. 1. 0. 1. 1. 0. 1. 1. 0. 1. 0. 1. 0. 0. 0. 0.</data></m_1>
      <m_2 type_id="opencv-matrix">
        <rows>21</rows>
        <cols>1</cols>
        <dt>f</dt>
        <data>
          1. 0. 1. 0. 1. 0. 1. 1. 0. 1. 0. 1. 0. 1. 1. 0. 1. 0. 0. 0. 0.</data></m_2>
      <m_3 type_id="opencv-matrix">
        <rows>21</rows>
        <cols>1</cols>
        <dt>f</dt>
        <data>
          0. 1. 0. 1. 0. 1. 0. 1. 0. 1. 0. 1. 0. 1. 0. 1. 1. 0. 1. 0. 0.</data></m_3>
      <m_4 type_id="opencv-matrix">
        <rows>21</rows>
        <cols>1</cols>
        <dt>f</dt>
        <data>
          1. 0. 1. 0. 1. 0. 1. 0. 1. 0. 1. 0. 1. 0. 1. 0. 1. 0. 1. 0. 0.</data></m_4>
      <m_5 type_id="opencv-matrix">
        <rows>21</rows>
        <cols>1</cols>
        <dt>f</dt>
        <data>
          0. 1. 0. 1. 0. 0. 1. 0. 1. 0. 1. 1. 0. 1. 0. 1. 1. 0. 1. 0. 0.</data></m_5>
      <m_6 type_id="opencv-matrix">
        <rows>21</rows>
        <cols>1</cols>
        <dt>f</dt>
        <data>
          1. 0. 1. 0. 1. 0. 1. 0. 0. 1. 0. 1. 0. 1. 0. 1. 1. 0. 1. 0. 0.</data></m_6>
      <m_7 type_id="opencv-matrix">
        <rows>21</rows>
        <cols>1</cols>
        <dt>f</dt>
        <data>
          1. 0. 1. 1. 0. 0. 1. 0. 1. 0. 1. 0. 1. 0. 1. 0. 1. 0. 1. 0. 0.</data></m_7>
      <m_8 type_id="opencv-matrix">
        <rows>21</rows>
        <cols>1</cols>
        <dt>f</dt>
        <data>
          1. 0. 0. 1. 0. 1. 0. 1. 0. 1. 0. 1. 0. 1. 0. 1. 0. 1. 1. 0. 0.</data></m_8></Models></class_1></classes>
</opencv_storage>
