<?xml version="1.0"?>
<opencv_storage>
<Serial>1996657240</Serial>
<modelsInfo>
  <Num_Models>4</Num_Models>
  <cropSize>25</cropSize>
  <modelsNumOfClusters>10</modelsNumOfClusters>
  <modelsFlagType>2</modelsFlagType>
  <modelsAttempts>5</modelsAttempts>
  <Kmeans>
    <Iterations>1000</Iterations>
    <Epsilon>1.0000000000000000e-04</Epsilon></Kmeans></modelsInfo>
<textonDictInfo>
  <totalDictSize>
    1 40</totalDictSize>
  <vocabulary type_id="opencv-matrix">
    <rows>40</rows>
    <cols>1</cols>
    <dt>f</dt>
    <data>
      2.99999976e+00 9. 6. 7. 10. 5. 1.66924691e+00 4. 8. 1.13701363e+01
      5. 8.49403191e+00 1.62048781e+00 1.46371946e+01 1.07251081e+01
      2.24210529e+01 4. 6. 7. 3. 7. 4. 5. 3. 6. 9. 1. 2. 7.99999952e+00
      1.03043480e+01 5.47364140e+00 1.78518238e+01 1.18563738e+01
      9.36216831e+00 1.48930454e+01 3.19238091e+00 2.45714283e+01
      6.99999952e+00 8. 2.07808437e+01</data></vocabulary>
  <bins>
    0. 1.00001001e+00 1.62049782e+00 1.66925693e+00 2.00001001e+00
    3.00000978e+00 3.00001001e+00 3.19239092e+00 4.00001001e+00
    5.00001001e+00 5.47365141e+00 6.00001001e+00 7.00000954e+00
    7.00001001e+00 8.00000954e+00 8.49404144e+00 9.00000954e+00
    9.36217785e+00 1.00000095e+01 1.03043575e+01 1.07251177e+01
    1.13701458e+01 1.18563833e+01 1.46372042e+01 1.48930550e+01
    1.78518333e+01 2.07808533e+01 2.24210625e+01 2.45714378e+01 256.</bins></textonDictInfo>
<classes>
  <class_0>
    <Name>BlackTarmac</Name>
    <Models>
      <m_0 type_id="opencv-matrix">
        <rows>29</rows>
        <cols>1</cols>
        <dt>f</dt>
        <data>
          0. 0. 1. 0. 1. 0. 0. 1. 1. 0. 1. 1. 0. 1. 0. 1. 0. 0. 1. 0. 0.
          1. 0. 0. 0. 0. 0. 0. 0.</data></m_0>
      <m_1 type_id="opencv-matrix">
        <rows>29</rows>
        <cols>1</cols>
        <dt>f</dt>
        <data>
          0. 1. 0. 0. 0. 0. 1. 0. 1. 0. 1. 1. 0. 1. 0. 1. 0. 1. 0. 0. 1.
          0. 1. 0. 0. 0. 0. 0. 0.</data></m_1>
      <m_2 type_id="opencv-matrix">
        <rows>29</rows>
        <cols>1</cols>
        <dt>f</dt>
        <data>
          0. 0. 1. 0. 1. 0. 0. 1. 1. 0. 1. 1. 0. 1. 0. 1. 0. 0. 1. 0. 0.
          1. 0. 0. 0. 0. 0. 0. 0.</data></m_2></Models></class_0>
  <class_1>
    <Name>Grass</Name>
    <Models>
      <m_0 type_id="opencv-matrix">
        <rows>29</rows>
        <cols>1</cols>
        <dt>f</dt>
        <data>
          1. 0. 0. 0. 1. 0. 0. 1. 1. 0. 1. 1. 0. 0. 1. 0. 0. 0. 0. 1. 0.
          0. 0. 1. 0. 0. 1. 0. 0.</data></m_0>
      <m_1 type_id="opencv-matrix">
        <rows>29</rows>
        <cols>1</cols>
        <dt>f</dt>
        <data>
          0. 0. 1. 0. 1. 0. 0. 1. 1. 0. 1. 1. 0. 0. 1. 0. 0. 1. 0. 0. 1.
          0. 0. 0. 0. 1. 0. 0. 0.</data></m_1>
      <m_2 type_id="opencv-matrix">
        <rows>29</rows>
        <cols>1</cols>
        <dt>f</dt>
        <data>
          0. 0. 1. 0. 1. 0. 0. 1. 1. 0. 1. 1. 0. 1. 0. 1. 0. 0. 1. 0. 0.
          1. 0. 0. 0. 0. 0. 0. 0.</data></m_2></Models></class_1>
  <class_2>
    <Name>LightTarmac</Name>
    <Models>
      <m_0 type_id="opencv-matrix">
        <rows>29</rows>
        <cols>1</cols>
        <dt>f</dt>
        <data>
          1. 0. 0. 1. 1. 0. 0. 1. 1. 0. 1. 1. 0. 1. 0. 1. 0. 0. 1. 0. 0.
          0. 0. 0. 0. 0. 0. 0. 0.</data></m_0>
      <m_1 type_id="opencv-matrix">
        <rows>29</rows>
        <cols>1</cols>
        <dt>f</dt>
        <data>
          1. 0. 0. 1. 1. 0. 0. 1. 1. 0. 1. 1. 0. 1. 0. 1. 0. 0. 1. 0. 0.
          0. 0. 0. 0. 0. 0. 0. 0.</data></m_1>
      <m_2 type_id="opencv-matrix">
        <rows>29</rows>
        <cols>1</cols>
        <dt>f</dt>
        <data>
          1. 0. 0. 1. 1. 0. 0. 1. 1. 0. 1. 1. 0. 1. 0. 1. 0. 0. 0. 0. 1.
          0. 0. 0. 0. 0. 0. 0. 0.</data></m_2></Models></class_2>
  <class_3>
    <Name>UnevenLinearBlocks</Name>
    <Models>
      <m_0 type_id="opencv-matrix">
        <rows>29</rows>
        <cols>1</cols>
        <dt>f</dt>
        <data>
          0. 0. 0. 0. 0. 0. 1. 0. 0. 1. 0. 1. 0. 0. 0. 1. 0. 0. 0. 1. 0.
          0. 1. 0. 1. 1. 1. 1. 0.</data></m_0>
      <m_1 type_id="opencv-matrix">
        <rows>29</rows>
        <cols>1</cols>
        <dt>f</dt>
        <data>
          0. 0. 0. 0. 0. 0. 1. 0. 0. 1. 0. 1. 0. 1. 0. 0. 1. 0. 0. 0. 1.
          0. 1. 0. 1. 1. 0. 1. 0.</data></m_1>
      <m_2 type_id="opencv-matrix">
        <rows>29</rows>
        <cols>1</cols>
        <dt>f</dt>
        <data>
          0. 0. 0. 0. 1. 0. 0. 0. 1. 0. 0. 1. 0. 0. 0. 0. 1. 0. 0. 0. 1.
          0. 1. 1. 0. 1. 0. 2. 0.</data></m_2></Models></class_3></classes>
</opencv_storage>
