<?xml version="1.0"?>
<opencv_storage>
<Serial>666402054</Serial>
<modelsInfo>
  <Num_Models>8</Num_Models>
  <cropSize>140</cropSize>
  <modelsNumOfClusters>10</modelsNumOfClusters>
  <modelsFlagType>2</modelsFlagType>
  <modelsAttempts>25</modelsAttempts>
  <Kmeans>
    <Iterations>100000</Iterations>
    <Epsilon>9.9999999999999995e-07</Epsilon></Kmeans></modelsInfo>
<textonDictInfo>
  <totalDictSize>
    1 400</totalDictSize>
  <vocabulary type_id="opencv-matrix">
    <rows>400</rows>
    <cols>1</cols>
    <dt>f</dt>
    <data>
      12. 28. 4.04656906e+01 19. 8. 5.29243546e+01 23. 16. 5.
      7.51052628e+01 34. 9. 4.44750557e+01 14. 21. 31. 5.92090607e+01
      7.00000048e+00 1.72554350e+00 25. 36. 18. 11. 13. 3. 10. 17. 15.
      20. 22. 3.90000038e+01 6. 2.60000019e+01 4.85312500e+01 24. 27.
      6.80800018e+01 4.24638596e+01 30. 2.89999981e+01 32. 4.
      5.58506088e+01 4.64731903e+01 33. 35. 6.33435555e+01 37. 38.
      5.04510765e+01 15. 5. 9. 13. 26. 1. 7. 1.10000010e+01 3. 20. 8.
      10. 17. 39. 4. 5.99999952e+00 12. 14. 22. 16. 2. 33. 18. 45. 24.
      19. 30. 21. 2.30000019e+01 25. 29. 2.70000019e+01 37. 48. 34. 32.
      28. 50. 42. 31. 53. 35. 36. 38. 40. 43. 47. 51. 44. 41. 9. 22. 1.
      5. 34. 18. 4.89673920e+01 1.29999990e+01 3. 5.87884636e+01 7.
      1.10000010e+01 7.99999952e+00 31. 6. 4. 27. 2. 15. 4.44596748e+01
      10. 14. 6.72391281e+01 3.84705887e+01 12. 24. 17. 20. 29. 21. 16.
      4.04666672e+01 5.41639328e+01 23. 19. 36. 30. 26. 28.
      6.37999992e+01 25. 4.24728699e+01 32. 7.11153870e+01 33. 35. 37.
      4.65287361e+01 0. 5.14909058e+01 7. 25. 4.35273323e+01 13.
      6.61893463e+01 4. 18. 3.44640541e+01 4.74772186e+01 11. 9. 22. 15.
      2.95029545e+01 2. 5. 5.49109955e+01 6. 10. 3.94841690e+01 21.
      6.00125504e+01 12. 14. 32. 7.99999952e+00 3.64649582e+01 3. 17.
      16. 7.64782639e+01 20. 27. 5.25859871e+01 4.54853821e+01 23. 24.
      0. 38. 19. 1. 4.99815865e+01 26. 28. 7.10177002e+01 5.73650818e+01
      6.28461533e+01 31. 33. 4.15194244e+01 8. 21. 28. 17.
      4.04253960e+01 12. 5.08181839e+01 35. 24. 5. 14. 19. 31. 3. 13.
      6.52222214e+01 11. 9. 4.64539490e+01 7. 15. 27. 10. 16. 39. 18. 4.
      6.00000048e+00 5.62789116e+01 22. 23. 4.44948425e+01 20. 33. 37.
      8.95927668e-01 26. 30. 25. 4.24607239e+01 5.35280037e+01 2.
      2.90000019e+01 34. 6.02638893e+01 4.84960327e+01 36. 38.
      7.28181839e+01 32. 9. 5. 13. 3. 6. 17. 7. 11. 4. 2. 2.30000019e+01
      10. 8. 1. 12. 15. 29. 19. 16. 14. 20. 33. 18. 25. 21. 22. 26. 32.
      24. 0. 28. 35. 2.70000019e+01 31. 34. 30. 36. 5. 5. 5. 5. 5. 5. 5.
      5. 5. 5. 5. 5. 5. 10. 23. 5. 15. 26. 5.51538467e+01 3.19999981e+01
      18. 7.99999952e+00 13. 1. 40. 21. 7. 4. 9. 37. 12. 11. 6. 3. 19.
      29. 14. 17. 4.44958649e+01 2. 20. 16. 35. 6.97142868e+01 22. 24.
      4.88750000e+01 4.24591179e+01 30. 28. 2.50000019e+01 33. 34. 27.
      36. 31. 38. 0. 39. 63. 41. 5.17755089e+01 4.63142853e+01 11.
      3.54412689e+01 5. 21. 8. 5.25162239e+01 1. 14. 26. 4.34952011e+01
      6.29923096e+01 16. 3.99999976e+00 29. 7. 19. 6. 9. 3.74426231e+01
      3. 3.15439758e+01 4.84725838e+01 10. 12. 5.68896561e+01
      5.99559326e+01 15. 13. 24. 7.00750046e+01 2. 4.15226898e+01 17.
      4.54794235e+01 22. 20. 4.70000038e+01 23. 5.05575218e+01
      3.94754333e+01 34. 18. 2.69999981e+01 2.49999981e+01 28. 30. 0.
      33. 6.56582260e+01 5.45078735e+01</data></vocabulary>
  <bins>
    0. 9.99999975e-06 8.95937681e-01 1.00001001e+00 1.72555351e+00
    2.00001001e+00 3.00001001e+00 4.00000954e+00 4.00001001e+00
    5.00001001e+00 6.00000954e+00 6.00001001e+00 6.00001049e+00
    7.00001001e+00 7.00001049e+00 8.00000954e+00 9.00000954e+00
    1.00000095e+01 1.10000095e+01 1.10000105e+01 1.20000095e+01
    1.30000086e+01 1.30000095e+01 1.40000095e+01 1.50000095e+01
    1.60000095e+01 1.70000095e+01 1.80000095e+01 1.90000095e+01
    2.00000095e+01 2.10000095e+01 2.20000095e+01 2.30000095e+01
    2.30000114e+01 2.40000095e+01 2.50000076e+01 2.50000095e+01
    2.50000114e+01 2.60000095e+01 2.60000114e+01 2.70000076e+01
    2.70000095e+01 2.70000114e+01 2.80000095e+01 2.90000076e+01
    2.90000095e+01 2.90000114e+01 2.95029640e+01 3.00000095e+01
    3.10000095e+01 3.15439854e+01 3.20000076e+01 3.20000114e+01
    3.30000114e+01 3.40000114e+01 3.44640656e+01 3.50000114e+01
    3.54412804e+01 3.60000114e+01 3.64649696e+01 3.70000114e+01
    3.74426346e+01 3.80000114e+01 3.84706001e+01 3.90000114e+01
    3.90000153e+01 3.94754448e+01 3.94841805e+01 4.00000114e+01
    4.04254074e+01 4.04657021e+01 4.04666786e+01 4.10000114e+01
    4.15194359e+01 4.15227013e+01 4.20000114e+01 4.24591293e+01
    4.24607353e+01 4.24638710e+01 4.24728813e+01 4.30000114e+01
    4.34952126e+01 4.35273438e+01 4.40000114e+01 4.44596863e+01
    4.44750671e+01 4.44948540e+01 4.44958763e+01 4.50000114e+01
    4.54794350e+01 4.54853935e+01 4.63142967e+01 4.64539604e+01
    4.64732018e+01 4.65287476e+01 4.70000114e+01 4.70000153e+01
    4.74772301e+01 4.80000114e+01 4.84725952e+01 4.84960442e+01
    4.85312614e+01 4.88750114e+01 4.89674034e+01 4.99815979e+01
    5.00000114e+01 5.04510880e+01 5.05575333e+01 5.08181953e+01
    5.10000114e+01 5.14909172e+01 5.17755203e+01 5.25162354e+01
    5.25859985e+01 5.29243660e+01 5.30000114e+01 5.35280151e+01
    5.41639442e+01 5.45078850e+01 5.49110069e+01 5.51538582e+01
    5.58506203e+01 5.62789230e+01 5.68896675e+01 5.73650932e+01
    5.87884750e+01 5.92090721e+01 5.99559441e+01 6.00125618e+01
    6.02639008e+01 6.28461647e+01 6.29923210e+01 6.30000114e+01
    6.33435669e+01 6.38000107e+01 6.52222290e+01 6.56582336e+01
    6.61893539e+01 6.72391357e+01 6.80800095e+01 6.97142944e+01
    7.00750122e+01 7.10177078e+01 7.11153946e+01 7.28181915e+01
    7.51052704e+01 7.64782715e+01 256.</bins></textonDictInfo>
