<?xml version="1.0"?>
<opencv_storage>
<Serial>858848651</Serial>
<modelsInfo>
  <Num_Models>4</Num_Models>
  <cropSize>100</cropSize>
  <modelsNumOfClusters>10</modelsNumOfClusters>
  <modelsFlagType>2</modelsFlagType>
  <modelsAttempts>5</modelsAttempts>
  <Kmeans>
    <Iterations>1000</Iterations>
    <Epsilon>1.0000000000000000e-04</Epsilon></Kmeans></modelsInfo>
<textonDictInfo>
  <totalDictSize>
    1 50</totalDictSize>
  <vocabulary type_id="opencv-matrix">
    <rows>50</rows>
    <cols>1</cols>
    <dt>f</dt>
    <data>
      5.51844883e+00 1.48848200e+01 1.81963806e+01 9.94301224e+00
      2.21435966e+01 3.05212092e+00 3.41969643e+01 7.47758627e+00
      1.24926176e+01 2.67410583e+01 1.93982792e+01 1.00407629e+01
      2.89570904e+01 3.17378807e+00 1.29963951e+01 4.51802330e+01
      2.37102757e+01 6.67023754e+00 3.54260216e+01 1.59636793e+01
      3.10285401e+00 1.72682323e+01 8.53170395e+00 3.38985863e+01
      1.38994799e+01 2.12556820e+01 6.15147114e+00 2.59087677e+01
      4.61681747e+01 1.09425583e+01 1.05897694e+01 3.59546738e+01
      5.88385010e+01 2.12704315e+01 6.96066523e+00 7.39295425e+01
      1.57425671e+01 3.95678473e+00 4.66094055e+01 2.76664371e+01
      8.56498432e+00 2.50701199e+01 1.54167509e+01 5.02893410e+01
      4.65002155e+00 1.97375546e+01 3.18741207e+01 1.19552994e+01
      6.29392815e+01 4.03593063e+01</data></vocabulary>
  <bins>
    0. 3.05213094e+00 3.10286403e+00 3.17379808e+00 3.95679474e+00
    4.65003157e+00 5.51845884e+00 6.15148115e+00 6.67024755e+00
    6.96067524e+00 7.47759628e+00 8.53171349e+00 8.56499386e+00
    9.94302177e+00 1.00407724e+01 1.05897789e+01 1.09425678e+01
    1.19553089e+01 1.24926271e+01 1.29964046e+01 1.38994894e+01
    1.48848295e+01 1.54167604e+01 1.57425766e+01 1.59636889e+01
    1.72682419e+01 1.81963902e+01 1.93982887e+01 1.97375641e+01
    2.12556915e+01 2.12704411e+01 2.21436062e+01 2.37102852e+01
    2.50701294e+01 2.59087772e+01 2.67410679e+01 2.76664467e+01
    2.89570999e+01 3.18741302e+01 3.38985977e+01 3.41969757e+01
    3.54260330e+01 3.59546852e+01 4.03593178e+01 4.51802444e+01
    4.61681862e+01 4.66094170e+01 5.02893524e+01 5.88385124e+01
    6.29392929e+01 7.39295502e+01 256.</bins></textonDictInfo>
<classes>
  <class_0>
    <Name>BlackTarmac</Name>
    <Models>
      <m_0 type_id="opencv-matrix">
        <rows>51</rows>
        <cols>1</cols>
        <dt>f</dt>
        <data>
          1. 0. 0. 0. 0. 0. 1. 0. 0. 0. 1. 0. 0. 1. 0. 0. 1. 0. 0. 1. 0.
          0. 0. 0. 1. 0. 0. 1. 0. 0. 0. 0. 1. 0. 0. 0. 0. 1. 0. 0. 0. 0.
          0. 0. 0. 0. 0. 0. 0. 0. 0.</data></m_0>
      <m_1 type_id="opencv-matrix">
        <rows>51</rows>
        <cols>1</cols>
        <dt>f</dt>
        <data>
          1. 0. 0. 0. 0. 1. 0. 0. 0. 1. 0. 1. 0. 0. 0. 1. 0. 0. 0. 1. 0.
          0. 0. 0. 1. 0. 0. 0. 1. 0. 0. 0. 1. 0. 0. 0. 0. 1. 0. 0. 0. 0.
          0. 0. 0. 0. 0. 0. 0. 0. 0.</data></m_1>
      <m_2 type_id="opencv-matrix">
        <rows>51</rows>
        <cols>1</cols>
        <dt>f</dt>
        <data>
          1. 0. 0. 0. 0. 1. 0. 0. 0. 1. 0. 0. 1. 0. 0. 0. 1. 0. 0. 1. 0.
          0. 0. 0. 1. 0. 0. 1. 0. 0. 0. 0. 1. 0. 0. 0. 0. 1. 0. 0. 0. 0.
          0. 0. 0. 0. 0. 0. 0. 0. 0.</data></m_2></Models></class_0>
  <class_1>
    <Name>Grass</Name>
    <Models>
      <m_0 type_id="opencv-matrix">
        <rows>51</rows>
        <cols>1</cols>
        <dt>f</dt>
        <data>
          0. 0. 0. 1. 0. 0. 0. 0. 1. 0. 0. 0. 0. 1. 0. 0. 0. 1. 0. 0. 1.
          0. 0. 0. 0. 1. 0. 0. 1. 0. 0. 0. 1. 0. 0. 0. 0. 1. 0. 0. 0. 0.
          1. 0. 0. 0. 0. 0. 0. 0. 0.</data></m_0>
      <m_1 type_id="opencv-matrix">
        <rows>51</rows>
        <cols>1</cols>
        <dt>f</dt>
        <data>
          0. 0. 0. 0. 0. 1. 0. 0. 0. 0. 0. 1. 0. 0. 0. 0. 1. 0. 0. 0. 1.
          0. 0. 0. 0. 1. 0. 0. 0. 1. 0. 0. 1. 0. 0. 0. 1. 0. 0. 0. 0. 1.
          0. 0. 1. 0. 0. 0. 0. 0. 0.</data></m_1>
      <m_2 type_id="opencv-matrix">
        <rows>51</rows>
        <cols>1</cols>
        <dt>f</dt>
        <data>
          0. 0. 0. 0. 1. 0. 0. 0. 0. 0. 1. 0. 0. 0. 0. 1. 0. 0. 0. 1. 0.
          0. 0. 0. 1. 0. 0. 1. 0. 0. 1. 0. 0. 1. 0. 0. 0. 1. 0. 0. 0. 0.
          1. 0. 0. 0. 0. 0. 0. 0. 0.</data></m_2></Models></class_1>
  <class_2>
    <Name>LargeSquareEvenBlocks</Name>
    <Models>
      <m_0 type_id="opencv-matrix">
        <rows>51</rows>
        <cols>1</cols>
        <dt>f</dt>
        <data>
          0. 1. 0. 0. 0. 0. 1. 0. 0. 0. 1. 0. 0. 0. 1. 0. 0. 0. 1. 0. 0.
          0. 0. 1. 0. 0. 0. 1. 0. 0. 0. 0. 1. 0. 0. 0. 0. 1. 0. 0. 0. 0.
          0. 1. 0. 0. 0. 0. 0. 0. 0.</data></m_0>
      <m_1 type_id="opencv-matrix">
        <rows>51</rows>
        <cols>1</cols>
        <dt>f</dt>
        <data>
          0. 1. 0. 0. 0. 0. 0. 1. 0. 0. 0. 0. 1. 0. 0. 0. 1. 0. 0. 1. 0.
          0. 0. 0. 1. 0. 0. 1. 0. 0. 0. 0. 1. 0. 0. 0. 0. 1. 0. 0. 0. 0.
          0. 1. 0. 0. 0. 0. 0. 0. 0.</data></m_1>
      <m_2 type_id="opencv-matrix">
        <rows>51</rows>
        <cols>1</cols>
        <dt>f</dt>
        <data>
          1. 0. 0. 0. 0. 1. 0. 0. 0. 0. 1. 0. 0. 0. 0. 1. 0. 0. 0. 1. 0.
          0. 0. 1. 0. 0. 1. 0. 0. 0. 0. 0. 1. 0. 0. 0. 0. 0. 1. 0. 0. 0.
          0. 0. 1. 0. 0. 0. 0. 0. 0.</data></m_2>
      <m_3 type_id="opencv-matrix">
        <rows>51</rows>
        <cols>1</cols>
        <dt>f</dt>
        <data>
          0. 0. 0. 1. 0. 0. 0. 0. 1. 0. 0. 0. 1. 0. 0. 0. 0. 0. 1. 0. 0.
          1. 0. 0. 0. 1. 0. 0. 0. 1. 0. 0. 0. 1. 0. 0. 0. 0. 1. 0. 0. 0.
          0. 0. 0. 1. 0. 0. 0. 0. 0.</data></m_3></Models></class_2>
  <class_3>
    <Name>UnevenLinearBricks</Name>
    <Models>
      <m_0 type_id="opencv-matrix">
        <rows>51</rows>
        <cols>1</cols>
        <dt>f</dt>
        <data>
          0. 0. 0. 0. 1. 0. 0. 0. 0. 0. 0. 1. 0. 0. 0. 0. 1. 0. 0. 0. 0.
          1. 0. 0. 0. 0. 0. 1. 0. 0. 0. 0. 1. 0. 0. 0. 0. 1. 0. 0. 0. 0.
          1. 0. 0. 0. 1. 0. 1. 0. 0.</data></m_0>
      <m_1 type_id="opencv-matrix">
        <rows>51</rows>
        <cols>1</cols>
        <dt>f</dt>
        <data>
          0. 0. 0. 1. 0. 0. 0. 0. 0. 1. 0. 0. 0. 0. 0. 1. 0. 0. 0. 1. 0.
          0. 0. 0. 0. 1. 0. 0. 0. 0. 1. 0. 0. 1. 0. 0. 0. 1. 0. 0. 0. 0.
          1. 0. 0. 0. 0. 1. 0. 0. 0.</data></m_1>
      <m_2 type_id="opencv-matrix">
        <rows>51</rows>
        <cols>1</cols>
        <dt>f</dt>
        <data>
          0. 0. 0. 0. 1. 0. 0. 0. 0. 0. 1. 0. 0. 0. 0. 1. 0. 0. 0. 1. 0.
          0. 0. 0. 1. 0. 0. 1. 0. 0. 0. 0. 1. 0. 0. 0. 0. 1. 0. 0. 0. 0.
          1. 0. 0. 0. 1. 0. 0. 0. 0.</data></m_2>
      <m_3 type_id="opencv-matrix">
        <rows>51</rows>
        <cols>1</cols>
        <dt>f</dt>
        <data>
          0. 0. 0. 1. 0. 0. 0. 0. 0. 1. 0. 0. 0. 0. 0. 1. 0. 0. 0. 1. 0.
          0. 0. 0. 1. 0. 0. 0. 0. 1. 0. 0. 0. 1. 0. 0. 0. 1. 0. 0. 0. 0.
          1. 0. 0. 0. 1. 0. 0. 0. 0.</data></m_3>
      <m_4 type_id="opencv-matrix">
        <rows>51</rows>
        <cols>1</cols>
        <dt>f</dt>
        <data>
          0. 0. 0. 0. 1. 0. 0. 0. 0. 0. 1. 0. 0. 0. 0. 1. 0. 0. 0. 1. 0.
          0. 0. 0. 1. 0. 0. 0. 0. 0. 1. 0. 0. 0. 0. 0. 1. 0. 0. 0. 0. 0.
          1. 0. 0. 0. 1. 0. 1. 0. 0.</data></m_4>
      <m_5 type_id="opencv-matrix">
        <rows>51</rows>
        <cols>1</cols>
        <dt>f</dt>
        <data>
          0. 0. 0. 1. 0. 0. 0. 0. 0. 1. 0. 0. 0. 0. 0. 1. 0. 0. 0. 1. 0.
          0. 0. 0. 0. 1. 0. 0. 0. 0. 0. 1. 0. 0. 0. 0. 1. 0. 0. 0. 0. 0.
          1. 0. 0. 0. 1. 0. 1. 0. 0.</data></m_5>
      <m_6 type_id="opencv-matrix">
        <rows>51</rows>
        <cols>1</cols>
        <dt>f</dt>
        <data>
          0. 0. 0. 1. 0. 0. 0. 0. 0. 1. 0. 0. 0. 0. 0. 1. 0. 0. 0. 1. 0.
          0. 0. 0. 1. 0. 0. 0. 0. 0. 1. 0. 0. 0. 0. 1. 0. 0. 0. 0. 0. 1.
          0. 0. 0. 1. 0. 0. 1. 0. 0.</data></m_6>
      <m_7 type_id="opencv-matrix">
        <rows>51</rows>
        <cols>1</cols>
        <dt>f</dt>
        <data>
