<?xml version="1.0"?>
<opencv_storage>
<modelSerial>2135104716</modelSerial>
<Iteration0>
  <BlackTarmac>
    <TP>4.</TP>
    <FP>2.</FP>
    <TN>28.</TN>
    <FN>6.</FN>
    <PPV>6.6666666666666663e-01</PPV>
    <TPR>4.0000000000000002e-01</TPR></BlackTarmac>
  <Grass>
    <TP>7.</TP>
    <FP>3.</FP>
    <TN>27.</TN>
    <FN>3.</FN>
    <PPV>6.9999999999999996e-01</PPV>
    <TPR>6.9999999999999996e-01</TPR></Grass>
  <LightTarmac>
    <TP>2.</TP>
    <FP>3.</FP>
    <TN>27.</TN>
    <FN>8.</FN>
    <PPV>4.0000000000000002e-01</PPV>
    <TPR>2.0000000000000001e-01</TPR></LightTarmac>
  <UnDefined>
    <TP>0.</TP>
    <FP>11.</FP>
    <TN>29.</TN>
    <FN>0.</FN>
    <PPV>0.</PPV>
    <TPR>.Nan</TPR></UnDefined>
  <UnevenLinearBlocks>
    <TP>3.</TP>
    <FP>5.</FP>
    <TN>25.</TN>
    <FN>7.</FN>
    <PPV>3.7500000000000000e-01</PPV>
    <TPR>2.9999999999999999e-01</TPR></UnevenLinearBlocks></Iteration0>
</opencv_storage>
