<?xml version="1.0"?>
<opencv_storage>
<modelSerial>783720837</modelSerial>
<Iteration0>
  <BlackTarmac>
    <TP>15.</TP>
    <FP>47.</FP>
    <TN>149.</TN>
    <FN>34.</FN>
    <PPV>2.4193548387096775e-01</PPV>
    <TPR>3.0612244897959184e-01</TPR></BlackTarmac>
  <Grass>
    <TP>21.</TP>
    <FP>52.</FP>
    <TN>144.</TN>
    <FN>28.</FN>
    <PPV>2.8767123287671231e-01</PPV>
    <TPR>4.2857142857142855e-01</TPR></Grass>
  <LargeSquareEvenBlocks>
    <TP>9.</TP>
    <FP>44.</FP>
    <TN>152.</TN>
    <FN>40.</FN>
    <PPV>1.6981132075471697e-01</PPV>
    <TPR>1.8367346938775511e-01</TPR></LargeSquareEvenBlocks>
  <LinearBlocksBAD>
    <TP>9.</TP>
    <FP>27.</FP>
    <TN>169.</TN>
    <FN>40.</FN>
    <PPV>2.5000000000000000e-01</PPV>
    <TPR>1.8367346938775511e-01</TPR></LinearBlocksBAD>
  <UnevenLinearBlocks>
    <TP>2.</TP>
    <FP>19.</FP>
    <TN>177.</TN>
    <FN>47.</FN>
    <PPV>9.5238095238095233e-02</PPV>
    <TPR>4.0816326530612242e-02</TPR></UnevenLinearBlocks></Iteration0>
</opencv_storage>
