<?xml version="1.0"?>
<opencv_storage>
<cropSize>100</cropSize>
<clustersPerClass>10</clustersPerClass>
<totalDictSize>
  1 60</totalDictSize>
<flagType>2</flagType>
<attempts>20</attempts>
<classes>"AluBuilding Grass SquareUnevenBlocks Tarmac UnevenBrickWall UpLibCarpet "</classes>
<Kmeans>
  <Iterations>1000000</Iterations>
  <Epsilon>9.9999999999999995e-08</Epsilon></Kmeans>
<vocabulary type_id="opencv-matrix">
  <rows>60</rows>
  <cols>1</cols>
  <dt>f</dt>
  <data>
    2. 4. 3. 1. 5. 0. 6. 7. 1.08888893e+01 8.17582417e+00 1.14289370e+01
    7.43373728e+00 1.92346210e+01 1.58602371e+01 3.10673714e+00
    9.41869068e+00 2.34223061e+01 5.46299028e+00 2.94076023e+01
    1.34255848e+01 1.70883064e+01 5.88807602e+01 5.99045753e+00
    1.21080208e+01 3.18319340e+01 2.83335853e+00 4.38342590e+01
    2.35526981e+01 8.88583755e+00 7.51260834e+01 2.13026142e+01 4.
    9.31338310e+00 1.51971779e+01 7. 1.16651049e+01 5. 2.58125377e+00 6.
    8. 1.24089985e+01 2.38028450e+01 3.55921364e+01 5.56685734e+00
    1.63712730e+01 5.51234055e+01 4.35494995e+01 1.99305363e+01
    2.91921673e+01 9.05111885e+00 2.57741404e+00 8.85421085e+00
    4.26533165e+01 1.81489582e+01 4.53151989e+00 1.17801638e+01
    3.05012589e+01 6.48840666e+00 2.29595909e+01 1.48636513e+01</data></vocabulary>
<bins>
  0. 9.99999975e-06 1.00001001e+00 2.00001001e+00 2.57742405e+00
  2.58126378e+00 2.83336854e+00 3.00001001e+00 3.10674715e+00
  4.00001001e+00 4.53152990e+00 5.00001001e+00 5.46300030e+00
  5.56686735e+00 5.99046755e+00 6.00001001e+00 6.48841667e+00
  7.00001001e+00 7.43374729e+00 8.00000954e+00 8.17583370e+00
  8.85422039e+00 8.88584709e+00 9.05112839e+00 9.31339264e+00
  9.41870022e+00 1.08888988e+01 1.14289465e+01 1.16651144e+01
  1.17801733e+01 1.21080303e+01 1.24090080e+01 1.34255943e+01
  1.48636608e+01 1.51971874e+01 1.58602467e+01 1.63712826e+01
  1.70883160e+01 1.81489677e+01 1.92346306e+01 1.99305458e+01
  2.13026237e+01 2.29596004e+01 2.34223156e+01 2.35527077e+01
  2.38028545e+01 2.91921768e+01 2.94076118e+01 3.05012684e+01
  3.18319435e+01 3.55921478e+01 4.26533279e+01 4.35495110e+01
  4.38342705e+01 5.51234169e+01 5.88807716e+01 7.51260910e+01 256.</bins>
</opencv_storage>
