<?xml version="1.0"?>
<opencv_storage>
<modelSerial>1498056896</modelSerial>
<Iteration0>
  <AluBuilding>
    <TP>23.</TP>
    <FP>0.</FP>
    <TN>174.</TN>
    <FN>13.</FN>
    <PPV>1.</PPV>
    <TPR>6.3888888888888884e-01</TPR></AluBuilding>
  <Grass>
    <TP>25.</TP>
    <FP>5.</FP>
    <TN>169.</TN>
    <FN>11.</FN>
    <PPV>8.3333333333333337e-01</PPV>
    <TPR>6.9444444444444442e-01</TPR></Grass>
  <SquareUnevenBlocks>
    <TP>3.</TP>
    <FP>1.</FP>
    <TN>173.</TN>
    <FN>33.</FN>
    <PPV>7.5000000000000000e-01</PPV>
    <TPR>8.3333333333333329e-02</TPR></SquareUnevenBlocks>
  <Tarmac>
    <TP>35.</TP>
    <FP>2.</FP>
    <TN>172.</TN>
    <FN>1.</FN>
    <PPV>9.4594594594594594e-01</PPV>
    <TPR>9.7222222222222221e-01</TPR></Tarmac>
  <UnDefined>
    <TP>0.</TP>
    <FP>51.</FP>
    <TN>159.</TN>
    <FN>0.</FN>
    <PPV>0.</PPV>
    <TPR>.Nan</TPR></UnDefined>
  <UnevenBrickWall>
    <TP>23.</TP>
    <FP>0.</FP>
    <TN>174.</TN>
    <FN>13.</FN>
    <PPV>1.</PPV>
    <TPR>6.3888888888888884e-01</TPR></UnevenBrickWall>
  <UpLibCarpet>
    <TP>25.</TP>
    <FP>17.</FP>
    <TN>163.</TN>
    <FN>5.</FN>
    <PPV>5.9523809523809523e-01</PPV>
    <TPR>8.3333333333333337e-01</TPR></UpLibCarpet></Iteration0>
</opencv_storage>
