<?xml version="1.0"?>
<opencv_storage>
<modelSerial>455871608</modelSerial>
<Iteration0>
  <AluBuilding>
    <TP>15.</TP>
    <FP>1.</FP>
    <TN>78.</TN>
    <FN>5.</FN>
    <PPV>9.3750000000000000e-01</PPV>
    <TPR>7.5000000000000000e-01</TPR></AluBuilding>
  <Grass>
    <TP>1.</TP>
    <FP>4.</FP>
    <TN>87.</TN>
    <FN>9.</FN>
    <PPV>2.0000000000000001e-01</PPV>
    <TPR>1.0000000000000001e-01</TPR></Grass>
  <PaintedWood>
    <TP>2.</TP>
    <FP>9.</FP>
    <TN>76.</TN>
    <FN>15.</FN>
    <PPV>1.8181818181818182e-01</PPV>
    <TPR>1.1764705882352941e-01</TPR></PaintedWood>
  <SquareCarpet>
    <TP>0.</TP>
    <FP>7.</FP>
    <TN>76.</TN>
    <FN>23.</FN>
    <PPV>0.</PPV>
    <TPR>0.</TPR></SquareCarpet>
  <SquarePaving>
    <TP>3.</TP>
    <FP>12.</FP>
    <TN>74.</TN>
    <FN>11.</FN>
    <PPV>2.0000000000000001e-01</PPV>
    <TPR>2.1428571428571427e-01</TPR></SquarePaving>
  <StoneWall>
    <TP>15.</TP>
    <FP>7.</FP>
    <TN>66.</TN>
    <FN>11.</FN>
    <PPV>6.8181818181818177e-01</PPV>
    <TPR>5.7692307692307687e-01</TPR></StoneWall>
  <Tarmac>
    <TP>7.</TP>
    <FP>3.</FP>
    <TN>81.</TN>
    <FN>5.</FN>
    <PPV>6.9999999999999996e-01</PPV>
    <TPR>5.8333333333333337e-01</TPR></Tarmac>
  <UnDefined>
    <TP>0.</TP>
    <FP>46.</FP>
    <TN>0.</TN>
    <FN>0.</FN>
    <PPV>0.</PPV>
    <TPR>.Nan</TPR></UnDefined>
  <WoodFloor>
    <TP>2.</TP>
    <FP>7.</FP>
    <TN>77.</TN>
    <FN>17.</FN>
    <PPV>2.2222222222222221e-01</PPV>
    <TPR>1.0526315789473684e-01</TPR></WoodFloor></Iteration0>
</opencv_storage>
