<?xml version="1.0"?>
<opencv_storage>
<cropSize>71</cropSize>
<clustersPerClass>10</clustersPerClass>
<totalDictSize>
  1 60</totalDictSize>
<flagType>2</flagType>
<attempts>35</attempts>
<classes>"Grass Hedge RectPaving SmallBlocks tarmac unevenBricks "</classes>
<Kmeans>
  <Iterations>100000</Iterations>
  <Epsilon>9.9999999999999995e-07</Epsilon></Kmeans>
<vocabulary type_id="opencv-matrix">
  <rows>60</rows>
  <cols>1</cols>
  <dt>f</dt>
  <data>
    8.64375591e+00 2.13661671e+01 3.71822319e+01 1.49604635e+01
    2.53103008e+01 1.20060415e+01 5.01937637e+01 4.61905241e+00
    1.79163265e+01 3.00531921e+01 1.25328865e+01 3.35049553e+01
    1.99594135e+01 4.54317284e+00 2.77662334e+01 4.10045738e+01
    1.64574871e+01 8.66018295e+00 5.24240379e+01 2.34141960e+01
    9.96608829e+00 4.96387367e+01 2.77605991e+01 1.63340874e+01
    3.79380655e+00 2.10222626e+01 7.06697369e+00 3.68695717e+01
    6.87083359e+01 1.29156456e+01 5.37874794e+00 3.77213211e+01
    1.88127327e+01 6.85199814e+01 9.59660625e+00 3.07051659e+01
    1.38821592e+01 2.42940598e+01 5.53240700e+01 4.56392632e+01
    6.15680456e+00 1.29348106e+01 2.08283386e+01 1.05239515e+01
    2.90997849e+01 1.78333817e+01 1.54265137e+01 3.26219821e+00
    8.53805351e+00 2.41049023e+01 8.07817364e+00 3.71554718e+01
    2.27339001e+01 1.42986889e+01 5.87892838e+01 4.53922796e+00
    2.90313053e+01 1.82608490e+01 4.63420715e+01 1.09555798e+01</data></vocabulary>
<bins>
  0. 3.26220822e+00 3.79381657e+00 4.53923798e+00 4.54318285e+00
  4.61906242e+00 5.37875795e+00 6.15681458e+00 7.06698370e+00
  8.07818317e+00 8.53806305e+00 8.64376545e+00 8.66019249e+00
  9.59661579e+00 9.96609783e+00 1.05239611e+01 1.09555893e+01
  1.20060511e+01 1.25328960e+01 1.29156551e+01 1.29348202e+01
  1.38821688e+01 1.42986984e+01 1.49604731e+01 1.54265232e+01
  1.63340969e+01 1.64574966e+01 1.78333912e+01 1.79163361e+01
  1.82608585e+01 1.88127422e+01 1.99594231e+01 2.08283482e+01
  2.10222721e+01 2.13661766e+01 2.27339096e+01 2.34142056e+01
  2.41049118e+01 2.42940693e+01 2.53103104e+01 2.77606087e+01
  2.77662430e+01 2.90313148e+01 2.90997944e+01 3.00532017e+01
  3.07051754e+01 3.35049667e+01 3.68695831e+01 3.71554832e+01
  3.71822433e+01 3.77213326e+01 4.10045853e+01 4.56392746e+01
  4.63420830e+01 4.96387482e+01 5.01937752e+01 5.24240494e+01
  5.53240814e+01 5.87892952e+01 6.85199890e+01 6.87083435e+01 256.</bins>
</opencv_storage>
