<?xml version="1.0"?>
<opencv_storage>
<cropSize>70</cropSize>
<clustersPerClass>10</clustersPerClass>
<totalDictSize>
  1 60</totalDictSize>
<flagType>2</flagType>
<attempts>35</attempts>
<classes>"grass hedge pavement rectPaving smallBricks unevenBricks "</classes>
<Kmeans>
  <Iterations>100000</Iterations>
  <Epsilon>9.9999999999999995e-07</Epsilon></Kmeans>
<vocabulary type_id="opencv-matrix">
  <rows>60</rows>
  <cols>1</cols>
  <dt>f</dt>
  <data>
    1.59692945e+01 2.22553596e+01 3.90390754e+00 1.00547848e+01
    3.11302910e+01 1.29861860e+01 1.89283085e+01 2.62049217e+01
    3.95821342e+01 7.13178158e+00 1.83754444e+01 3.24498024e+01
    8.66120815e+00 2.67336922e+01 3.96790504e+01 1.20342503e+01
    4.61304855e+00 1.49978161e+01 4.99302216e+01 2.23534660e+01
    5.16045046e+00 1.53905640e+01 9.46874523e+00 2.18148098e+01
    7.51850653e+00 1.33992348e+01 3.09883385e+01 1.14293022e+01
    2.29305077e+00 1.77999229e+01 1.43017235e+01 5.27942505e+01
    1.86487141e+01 7.63830328e+00 2.98597851e+01 3.79957557e+00
    3.93760567e+01 2.36979256e+01 1.09592752e+01 6.95195923e+01
    1.38557749e+01 2.47134895e+01 4.67265244e+01 5.46121454e+00
    6.92222214e+01 1.88083839e+01 3.17039528e+01 5.64568291e+01
    3.88074913e+01 9.56513786e+00 4.59725714e+00 4.47518005e+01
    1.73422070e+01 1.09707928e+01 2.21192646e+01 2.86857834e+01
    3.61403313e+01 5.55026093e+01 1.39068632e+01 8.09466171e+00</data></vocabulary>
<bins>
  0. 2.29306078e+00 3.79958558e+00 3.90391755e+00 4.59726715e+00
  4.61305857e+00 5.16046047e+00 5.46122456e+00 7.13179159e+00
  7.51851654e+00 7.63831329e+00 8.09467125e+00 8.66121769e+00
  9.46875477e+00 9.56514740e+00 1.00547943e+01 1.09592848e+01
  1.09708023e+01 1.14293118e+01 1.20342598e+01 1.29861956e+01
  1.33992443e+01 1.38557844e+01 1.39068727e+01 1.43017330e+01
  1.49978256e+01 1.53905735e+01 1.59693041e+01 1.73422165e+01
  1.77999325e+01 1.83754539e+01 1.86487236e+01 1.88083935e+01
  1.89283180e+01 2.18148193e+01 2.21192741e+01 2.22553692e+01
  2.23534756e+01 2.36979351e+01 2.47134991e+01 2.62049313e+01
  2.67337017e+01 2.86857929e+01 2.98597946e+01 3.09883480e+01
  3.11303005e+01 3.17039623e+01 3.24498138e+01 3.61403427e+01
  3.88075027e+01 3.93760681e+01 3.95821457e+01 3.96790619e+01
  4.47518120e+01 4.67265358e+01 4.99302330e+01 5.27942619e+01
  5.55026207e+01 5.64568405e+01 6.92222290e+01 6.95195999e+01 256.</bins>
</opencv_storage>
