<?xml version="1.0"?>
<opencv_storage>
<cropSize>70</cropSize>
<clustersPerClass>10</clustersPerClass>
<totalDictSize>
  1 80</totalDictSize>
<flagType>2</flagType>
<attempts>35</attempts>
<classes>"AluBuilding Grass PaintedWood SquareCarpet SquarePaving StoneWall Tarmac WoodFloor "</classes>
<Kmeans>
  <Iterations>100000</Iterations>
  <Epsilon>9.9999999999999995e-07</Epsilon></Kmeans>
<vocabulary type_id="opencv-matrix">
  <rows>80</rows>
  <cols>1</cols>
  <dt>f</dt>
  <data>
    7.57690382e+00 3.53759270e+01 1.38192711e+01 8.14000015e+01
    5.12997055e+00 2.32251549e+01 9.35814095e+00 1.14203291e+01
    2.05269575e+00 5.43515968e+01 1.54252167e+01 2.41896248e+01
    4.57130003e+00 1.10402174e+01 1.78839626e+01 1.34410486e+01
    3.65024643e+01 8.12143135e+00 2.08865986e+01 2.87402401e+01
    1.09390230e+01 3.90357170e+01 2.21136379e+01 6.12655640e+00
    1.38488588e+01 2.91152439e+01 3.13718843e+00 5.30818977e+01
    1.71709423e+01 8.52666855e+00 4.69406080e+00 3.88153687e+01
    1.82867146e+01 7.47423325e+01 2.98642082e+01 1.09442720e+01
    2.31127815e+01 5.18486786e+01 8.07925701e+00 1.43781910e+01
    2.57427959e+01 1.34666405e+01 4.63414268e+01 5.34563208e+00
    1.74268150e+01 3.11104145e+01 6.09090919e+01 9.64946461e+00
    2.13869591e+01 3.76092262e+01 2.38278332e+01 5.32902288e+00
    4.32373466e+01 1.59783735e+01 3.55073700e+01 2.91945610e+01
    9.66133022e+00 5.42346420e+01 1.94589233e+01 1.30091715e+01
    8.53003311e+00 2.18229332e+01 6.16724157e+00 1.48957062e+01
    2.88993568e+01 1.24997196e+01 3.10294986e+00 1.78236027e+01
    1.05146713e+01 4.79512177e+01 1.09855661e+01 3.61151085e+01
    1.73951225e+01 2.42999153e+01 1.39575157e+01 4.85488091e+01
    4.67082405e+00 2.89981308e+01 2.09353905e+01 8.11625671e+00</data></vocabulary>
<bins>
  0. 2.05270576e+00 3.10295987e+00 3.13719845e+00 4.57131004e+00
  4.67083406e+00 4.69407082e+00 5.12998056e+00 5.32903290e+00
  5.34564209e+00 6.12656641e+00 6.16725159e+00 7.57691383e+00
  8.07926655e+00 8.11626625e+00 8.12144089e+00 8.52667809e+00
  8.53004265e+00 9.35815048e+00 9.64947414e+00 9.66133976e+00
  1.05146809e+01 1.09390326e+01 1.09442816e+01 1.09855757e+01
  1.10402269e+01 1.14203386e+01 1.24997292e+01 1.30091810e+01
  1.34410582e+01 1.34666500e+01 1.38192806e+01 1.38488684e+01
  1.39575253e+01 1.43782005e+01 1.48957157e+01 1.54252262e+01
  1.59783831e+01 1.71709518e+01 1.73951321e+01 1.74268246e+01
  1.78236122e+01 1.78839722e+01 1.82867241e+01 1.94589329e+01
  2.08866081e+01 2.09354000e+01 2.13869686e+01 2.18229427e+01
  2.21136475e+01 2.31127911e+01 2.32251644e+01 2.38278427e+01
  2.41896343e+01 2.42999249e+01 2.57428055e+01 2.87402496e+01
  2.88993664e+01 2.89981403e+01 2.91152534e+01 2.91945705e+01
  2.98642178e+01 3.11104240e+01 3.53759384e+01 3.55073814e+01
  3.61151199e+01 3.65024757e+01 3.76092377e+01 3.88153801e+01
  3.90357285e+01 4.32373581e+01 4.63414383e+01 4.79512291e+01
  4.85488205e+01 5.18486900e+01 5.30819092e+01 5.42346535e+01
  5.43516083e+01 6.09091034e+01 7.47423401e+01 8.14000092e+01 256.</bins>
</opencv_storage>
