<?xml version="1.0"?>
<opencv_storage>
<cropSize>105</cropSize>
<clustersPerClass>10</clustersPerClass>
<totalDictSize>
  1 60</totalDictSize>
<flagType>2</flagType>
<attempts>50</attempts>
<classes>"Grass Hedge RectPaving SmallBlocks tarmac unevenBricks "</classes>
<Kmeans>
  <Iterations>100000</Iterations>
  <Epsilon>9.9999999999999995e-07</Epsilon></Kmeans>
<vocabulary type_id="opencv-matrix">
  <rows>60</rows>
  <cols>1</cols>
  <dt>f</dt>
  <data>
    1.74100189e+01 1.09970207e+01 4.18166809e+01 2.60544662e+01
    4.62759972e+00 3.26988373e+01 1.39593763e+01 2.13774490e+01
    5.72675476e+01 8.10715103e+00 2.58002548e+01 9.68712044e+00
    4.45848351e+01 1.74879704e+01 3.65045357e+01 5.30018282e+00
    1.35671587e+01 2.14468708e+01 5.76230888e+01 3.07843227e+01
    3.66008067e+00 4.99856224e+01 1.62970810e+01 9.94688225e+00
    2.77848263e+01 2.09733562e+01 7.03590631e+00 6.85525818e+01
    3.69964790e+01 1.29164238e+01 1.04017277e+01 4.59658928e+01
    2.42738228e+01 1.87983799e+01 5.74364090e+01 3.71124115e+01
    7.30587769e+01 6.06161261e+00 1.43644772e+01 3.02793274e+01
    1.49399319e+01 2.12852116e+01 1.05267048e+01 3.83137059e+00
    6.54396772e+00 2.55530319e+01 1.78805542e+01 1.25141716e+01
    8.54268932e+00 3.19340839e+01 1.53754272e+01 5.17535439e+01
    3.24446831e+01 7.62742090e+00 2.51489372e+01 3.72005987e+00
    6.57513275e+01 4.15810928e+01 1.97090645e+01 1.14164810e+01</data></vocabulary>
<bins>
  0. 3.66009068e+00 3.72006989e+00 3.83138061e+00 4.62760973e+00
  5.30019283e+00 6.06162262e+00 6.54397774e+00 7.03591633e+00
  7.62743092e+00 8.10716057e+00 8.54269886e+00 9.68712997e+00
  9.94689178e+00 1.04017372e+01 1.05267143e+01 1.09970303e+01
  1.14164906e+01 1.25141811e+01 1.29164333e+01 1.35671682e+01
  1.39593859e+01 1.43644867e+01 1.49399414e+01 1.53754368e+01
  1.62970905e+01 1.74100285e+01 1.74879799e+01 1.78805637e+01
  1.87983894e+01 1.97090740e+01 2.09733658e+01 2.12852211e+01
  2.13774586e+01 2.14468803e+01 2.42738323e+01 2.51489468e+01
  2.55530415e+01 2.58002644e+01 2.60544758e+01 2.77848358e+01
  3.02793369e+01 3.07843323e+01 3.19340935e+01 3.24446945e+01
  3.26988487e+01 3.65045471e+01 3.69964905e+01 3.71124229e+01
  4.15811043e+01 4.18166924e+01 4.45848465e+01 4.59659042e+01
  4.99856339e+01 5.17535553e+01 5.72675591e+01 5.74364204e+01
  5.76231003e+01 6.57513351e+01 6.85525894e+01 7.30587845e+01 256.</bins>
</opencv_storage>
