<?xml version="1.0"?>
<opencv_storage>
<Serial>716169230</Serial>
<modelsInfo>
  <Num_Models>3</Num_Models>
  <cropSize>1000</cropSize>
  <modelsNumOfClusters>10</modelsNumOfClusters>
  <modelsFlagType>2</modelsFlagType>
  <modelsAttempts>5</modelsAttempts>
  <Kmeans>
    <Iterations>1000</Iterations>
    <Epsilon>1.0000000000000000e-04</Epsilon></Kmeans></modelsInfo>
<textonDictInfo>
  <totalDictSize>
    1 150</totalDictSize>
  <vocabulary type_id="opencv-matrix">
    <rows>150</rows>
    <cols>1</cols>
    <dt>f</dt>
    <data>
      17. 4.29260445e+01 7.99999952e+00 26. 9.56063538e+01 14.
      3.99999976e+00 6.97812347e+01 3.24788399e+01 18. 11.
      5.39282417e+01 3.84763985e+01 21. 6. 23. 3.44737282e+01
      6.19300003e+01 3.00000024e+00 4.79433594e+01 9. 29. 16.
      7.62040863e+01 10. 20. 15. 12. 7. 8.42589951e+01 13. 22. 5. 36.
      6.94078147e-01 28. 2.40000019e+01 19. 25. 5.09316521e+01 27.
      4.04652863e+01 3.09999981e+01 5.64675903e+01 3.00000019e+01
      5.89421616e+01 2. 6.53782501e+01 37. 4.54954948e+01 3.14784470e+01
      8.09960485e-01 1.30000010e+01 21. 8.72457733e+01 4.84767456e+01
      7.00000048e+00 6.24166451e+01 17. 10. 25. 3.74488029e+01 4. 27.
      14. 23. 19. 5.44183960e+01 6. 4.14627953e+01 11. 9. 7.13178406e+01
      3.49238853e+01 29. 12. 7.69208755e+01 15. 5. 9.88194733e+01 8. 18.
      5.84164963e+01 16. 5.09352150e+01 1.99999988e+00 26.
      4.39396057e+01 6.64320221e+01 3. 20. 2.79999981e+01 22. 30.
      4.64711037e+01 33. 9.28428879e+01 24. 8.18976822e+01
      3.94600601e+01 13. 34. 21. 4.84680634e+01 31. 4. 17. 26. 9.
      4.24700699e+01 5.62804184e+01 3.84548759e+01 10. 15. 24.
      6.78678131e+01 19. 20. 28. 6. 35. 12. 11. 40. 14. 22. 18. 16.
      4.44598885e+01 27. 7. 1.70425618e+00 8. 29. 23. 5. 30. 25. 32.
      5.28913383e+01 6.32745705e+01 4.64586372e+01 36. 3. 33. 37. 41.
      7.58149948e+01 5.04562607e+01 5.98806915e+01</data></vocabulary>
  <bins>
    0. 6.94088161e-01 8.09970498e-01 1.70426619e+00 2.00000978e+00
    2.00001001e+00 3.00001001e+00 3.00001025e+00 4.00000954e+00
    4.00001001e+00 5.00001001e+00 6.00001001e+00 7.00001001e+00
    7.00001049e+00 8.00000954e+00 9.00000954e+00 1.00000095e+01
    1.10000095e+01 1.20000095e+01 1.30000095e+01 1.30000105e+01
    1.40000095e+01 1.50000095e+01 1.60000095e+01 1.70000095e+01
    1.80000095e+01 1.90000095e+01 2.00000095e+01 2.10000095e+01
    2.20000095e+01 2.30000095e+01 2.40000095e+01 2.40000114e+01
    2.50000095e+01 2.60000095e+01 2.70000095e+01 2.80000076e+01
    2.80000095e+01 2.90000095e+01 3.00000095e+01 3.00000114e+01
    3.10000076e+01 3.10000095e+01 3.14784565e+01 3.20000114e+01
    3.24788513e+01 3.30000114e+01 3.40000114e+01 3.44737396e+01
    3.49238968e+01 3.50000114e+01 3.60000114e+01 3.70000114e+01
    3.74488144e+01 3.84548874e+01 3.84764099e+01 3.94600716e+01
    4.00000114e+01 4.04652977e+01 4.10000114e+01 4.14628067e+01
    4.24700813e+01 4.29260559e+01 4.39396172e+01 4.44598999e+01
    4.54955063e+01 4.64586487e+01 4.64711151e+01 4.79433708e+01
    4.84680748e+01 4.84767570e+01 5.04562721e+01 5.09316635e+01
    5.09352264e+01 5.28913498e+01 5.39282532e+01 5.44184074e+01
    5.62804298e+01 5.64676018e+01 5.84165077e+01 5.89421730e+01
    5.98807030e+01 6.19300117e+01 6.24166565e+01 6.32745819e+01
    6.53782578e+01 6.64320297e+01 6.78678207e+01 6.97812424e+01
    7.13178482e+01 7.58150024e+01 7.62040939e+01 7.69208832e+01
    8.18976898e+01 8.42590027e+01 8.72457809e+01 9.28428955e+01
    9.56063614e+01 9.88194809e+01 256.</bins></textonDictInfo>
<classes>
  <class_0>
    <Name>CrossPatternBlocks</Name>
    <Models>
      <m_0 type_id="opencv-matrix">
        <rows>99</rows>
        <cols>1</cols>
        <dt>f</dt>
        <data>
          0. 0. 0. 0. 0. 0. 0. 1. 0. 0. 0. 1. 0. 0. 0. 1. 0. 0. 1. 0. 0.
          0. 0. 0. 1. 0. 0. 0. 0. 1. 0. 0. 0. 0. 0. 1. 0. 0. 0. 0. 0. 0.
          0. 0. 0. 0. 0. 0. 0. 1. 0. 0. 0. 0. 0. 0. 0. 0. 0. 0. 0. 0. 0.
          0. 1. 0. 0. 0. 0. 0. 0. 0. 0. 0. 0. 0. 0. 0. 0. 0. 1. 0. 0. 0.
          0. 0. 0. 0. 0. 0. 0. 0. 0. 0. 0. 0. 0. 0. 0.</data></m_0></Models></class_0>
  <class_1>
    <Name>LinearBricks</Name>
    <Models>
      <m_0 type_id="opencv-matrix">
        <rows>99</rows>
        <cols>1</cols>
        <dt>f</dt>
        <data>
          0. 0. 0. 0. 0. 0. 0. 1. 0. 0. 0. 0. 0. 0. 1. 0. 0. 1. 0. 0. 0.
          0. 1. 0. 0. 0. 0. 1. 0. 0. 0. 0. 0. 1. 0. 0. 0. 0. 0. 0. 0. 0.
          0. 0. 0. 1. 0. 0. 0. 0. 0. 0. 0. 0. 0. 0. 0. 0. 0. 0. 0. 0. 1.
          0. 0. 0. 0. 0. 0. 0. 0. 0. 0. 0. 0. 0. 0. 0. 1. 0. 0. 0. 0. 0.
          0. 0. 0. 0. 0. 0. 0. 0. 1. 0. 0. 0. 0. 0. 0.</data></m_0></Models></class_1>
  <class_2>
    <Name>Tarmac</Name>
    <Models>
      <m_0 type_id="opencv-matrix">
        <rows>99</rows>
        <cols>1</cols>
        <dt>f</dt>
        <data>
          0. 0. 0. 0. 0. 0. 0. 0. 0. 0. 0. 1. 0. 0. 0. 0. 0. 1. 0. 0. 0.
          1. 0. 0. 1. 0. 0. 0. 1. 0. 0. 0. 0. 0. 1. 0. 0. 0. 0. 0. 0. 0.
          1. 0. 0. 0. 0. 0. 0. 0. 1. 0. 0. 0. 0. 0. 0. 0. 0. 0. 0. 1. 0.
          0. 0. 0. 0. 0. 0. 0. 0. 0. 0. 0. 1. 0. 0. 0. 0. 0. 0. 0. 0. 0.
          0. 0. 0. 0. 0. 0. 0. 0. 0. 0. 0. 0. 0. 0. 0.</data></m_0></Models></class_2></classes>
</opencv_storage>
